1.000000 0.000000 0.000000 0.000000 0.000000 1.000000 0.000000 0.000000 0.000000 0.000000 1.000000 0.000000
0.999981 0.000594 -0.006090 -0.004317 -0.000594 1.000000 0.000066 -0.001799 0.006091 -0.000063 0.999981 0.089940
0.999916 0.001564 -0.012889 -0.009646 -0.001564 0.999999 0.000012 -0.005337 0.012889 0.000008 0.999917 0.184144
0.999792 0.002106 -0.020272 -0.015498 -0.002115 0.999998 -0.000419 -0.009632 0.020271 0.000462 0.999794 0.273003
0.999593 0.002682 -0.028414 -0.020011 -0.002727 0.999995 -0.001560 -0.012921 0.028409 0.001637 0.999595 0.373459
0.999240 0.002941 -0.038876 -0.025274 -0.003044 0.999992 -0.002586 -0.017862 0.038868 0.002702 0.999241 0.482267
0.998638 0.003197 -0.052074 -0.033517 -0.003376 0.999989 -0.003353 -0.021495 0.052062 0.003524 0.998638 0.606552
0.997683 0.003048 -0.067970 -0.044862 -0.003309 0.999988 -0.003719 -0.023905 0.067958 0.003935 0.997680 0.746937
0.990592 0.004047 -0.136788 -0.057480 -0.004881 0.999971 -0.005764 -0.047339 0.136761 0.006377 0.990584 1.247416
0.975617 0.010408 -0.219235 -0.217685 -0.012809 0.999873 -0.009532 -0.067485 0.219108 0.012107 0.975625 1.809566
0.948940 0.014910 -0.315104 -0.449023 -0.018668 0.999786 -0.008913 -0.089713 0.314904 0.014341 0.949015 2.416918
0.894297 0.015801 -0.447196 -0.825127 -0.022648 0.999694 -0.009968 -0.092812 0.446901 0.019042 0.894381 3.181040
0.822817 0.018549 -0.568003 -1.274943 -0.026543 0.999631 -0.005807 -0.125125 0.567686 0.019854 0.823006 3.808532
0.695444 0.012529 -0.718471 -1.866760 -0.023143 0.999720 -0.004968 -0.138977 0.718207 0.020082 0.695539 4.488144
0.556518 0.012144 -0.830747 -2.643580 -0.021210 0.999775 0.000406 -0.160417 0.830565 0.017394 0.556650 5.026298
0.396666 0.015084 -0.917839 -3.597674 -0.022483 0.999725 0.006713 -0.168943 0.917688 0.017973 0.396895 5.441852
0.237118 0.017859 -0.971317 -4.709704 -0.017951 0.999741 0.014000 -0.183959 0.971315 0.014116 0.237377 5.745112
0.106614 0.016546 -0.994163 -5.965641 -0.024149 0.999610 0.014047 -0.184659 0.994007 0.022510 0.106972 5.884753
-0.007505 0.006594 -0.999950 -7.766776 -0.026163 0.999635 0.006788 -0.196995 0.999629 0.026212 -0.007330 5.910519
-0.069569 0.006018 -0.997559 -9.578870 -0.028328 0.999567 0.008005 -0.211491 0.997175 0.028815 -0.069369 5.971395
-0.090580 0.007967 -0.995857 -11.443029 -0.031028 0.999460 0.010818 -0.231459 0.995406 0.031879 -0.090284 5.929033
-0.086786 0.009186 -0.996185 -13.917835 -0.035660 0.999288 0.012322 -0.246479 0.995589 0.036593 -0.086397 5.706459
-0.083214 0.015168 -0.996416 -16.177326 -0.038654 0.999083 0.018437 -0.260191 0.995782 0.040050 -0.082551 5.501942
-0.080704 0.014277 -0.996636 -18.764616 -0.050763 0.998541 0.018415 -0.253505 0.995445 0.052079 -0.079862 5.261950
-0.076409 0.019476 -0.996886 -21.189730 -0.050812 0.998434 0.023401 -0.250612 0.995781 0.052442 -0.075299 5.066071
-0.071497 0.008053 -0.997408 -23.819466 -0.048187 0.998772 0.011518 -0.278123 0.996276 0.048886 -0.071021 4.869765
-0.071694 0.027542 -0.997046 -26.453732 -0.047867 0.998372 0.031021 -0.298205 0.996277 0.049950 -0.070259 4.677170
-0.074724 0.026892 -0.996842 -29.229692 -0.047982 0.998381 0.030530 -0.294084 0.996049 0.050112 -0.073313 4.443339
-0.075139 0.020951 -0.996953 -32.267071 -0.049067 0.998490 0.024682 -0.280618 0.995965 0.050772 -0.073998 4.188307
-0.074547 0.028084 -0.996822 -34.925034 -0.053316 0.998061 0.032106 -0.276440 0.995791 0.055540 -0.072906 3.966764
-0.075085 0.034037 -0.996596 -37.881302 -0.054908 0.997760 0.038213 -0.246899 0.995664 0.057591 -0.073048 3.728601
-0.076529 0.026052 -0.996727 -40.963024 -0.061343 0.997642 0.030786 -0.223537 0.995179 0.063498 -0.074750 3.461920
-0.078694 0.023372 -0.996625 -43.728848 -0.056535 0.998012 0.027869 -0.197654 0.995294 0.058537 -0.077216 3.251741
-0.083468 0.029903 -0.996062 -46.771214 -0.051363 0.998092 0.034268 -0.182163 0.995186 0.054021 -0.081773 3.006196
-0.087696 0.027962 -0.995755 -49.923893 -0.056632 0.997849 0.033008 -0.158311 0.994536 0.059287 -0.085923 2.690944
-0.088920 0.027389 -0.995662 -52.651947 -0.063408 0.997439 0.033100 -0.127417 0.994018 0.066076 -0.086955 2.415780
-0.091677 0.034903 -0.995177 -55.689739 -0.064986 0.997045 0.040955 -0.098846 0.993666 0.068427 -0.089138 2.119955
-0.090312 0.025843 -0.995578 -58.610870 -0.062421 0.997551 0.031557 -0.095177 0.993955 0.064995 -0.088478 1.833424
-0.077403 0.027017 -0.996634 -61.328770 -0.058601 0.997781 0.031599 -0.087281 0.995276 0.060850 -0.075648 1.595375
-0.051172 0.033146 -0.998140 -63.561787 -0.059467 0.997575 0.036176 -0.093184 0.996918 0.061208 -0.049077 1.433313
0.022413 0.039016 -0.998987 -65.750870 -0.065983 0.997117 0.037462 -0.076858 0.997569 0.065077 0.024923 1.386332
0.146597 0.040559 -0.988364 -67.764008 -0.060070 0.997680 0.032031 -0.069068 0.987371 0.054676 0.148694 1.583902
0.288255 0.036422 -0.956861 -69.403679 -0.045419 0.998672 0.024331 -0.065270 0.956476 0.036446 0.289526 1.927823
0.479749 0.028874 -0.876930 -70.845192 -0.030445 0.999404 0.016251 -0.072358 0.876877 0.018902 0.480343 2.703802
0.654697 0.012213 -0.755792 -72.134209 -0.012209 0.999910 0.005581 -0.090811 0.755792 0.005574 0.654788 3.757949
0.776404 0.002309 -0.630231 -73.040253 -0.015971 0.999744 -0.016011 -0.106442 0.630033 0.022496 0.776242 4.701131
0.890449 0.006651 -0.455035 -73.991180 -0.017313 0.999664 -0.019266 -0.181491 0.454755 0.025033 0.890265 6.365173
0.947371 0.015312 -0.319772 -74.883507 -0.021876 0.999617 -0.016946 -0.251932 0.319390 0.023050 0.947343 8.471751
0.967791 0.026949 -0.250308 -75.554771 -0.030841 0.999457 -0.011639 -0.325606 0.249859 0.018984 0.968096 10.422585
0.980153 0.026565 -0.196456 -76.152390 -0.029210 0.999517 -0.010576 -0.394050 0.196080 0.016105 0.980456 12.895091
0.988445 0.021475 -0.150049 -76.636505 -0.024848 0.999478 -0.020637 -0.478633 0.149528 0.024127 0.988463 15.648091
0.991820 0.024334 -0.125307 -77.026466 -0.025662 0.999630 -0.008994 -0.556609 0.125042 0.012136 0.992077 18.195230
0.993182 0.025900 -0.113662 -77.376640 -0.026382 0.999648 -0.002740 -0.644799 0.113551 0.005720 0.993516 20.942066
0.994027 0.025558 -0.106098 -77.722588 -0.026582 0.999613 -0.008247 -0.738634 0.105846 0.011018 0.994322 23.884966
0.994523 0.029037 -0.100401 -78.041344 -0.030992 0.999358 -0.017965 -0.823906 0.099815 0.020979 0.994785 26.588200
0.995134 0.030475 -0.093703 -78.355728 -0.031284 0.999485 -0.007182 -0.939853 0.093436 0.010078 0.995574 29.548275
0.995629 0.025061 -0.089972 -78.629852 -0.025923 0.999628 -0.008432 -1.051736 0.089727 0.010728 0.995909 32.542294
0.995828 0.021969 -0.088570 -78.891548 -0.022869 0.999697 -0.009157 -1.133369 0.088342 0.011144 0.996028 35.311535
0.995030 0.024433 -0.096526 -79.193115 -0.025796 0.999584 -0.012900 -1.220226 0.096171 0.015326 0.995247 38.331097
0.994558 0.029149 -0.100028 -79.472672 -0.031033 0.999368 -0.017327 -1.297534 0.099460 0.020337 0.994834 41.028427
0.994072 0.032992 -0.103597 -79.743973 -0.034535 0.999317 -0.013145 -1.385656 0.103093 0.016644 0.994532 43.627808
0.994466 0.032148 -0.100021 -80.064445 -0.032908 0.999441 -0.005956 -1.459227 0.099774 0.009215 0.994968 46.521542
0.995210 0.026585 -0.094071 -80.332405 -0.027630 0.999570 -0.009824 -1.535342 0.093769 0.012376 0.995517 49.157803
0.995727 0.024697 -0.088983 -80.620285 -0.025442 0.999650 -0.007242 -1.631742 0.088773 0.009475 0.996007 52.169277
0.995816 0.028749 -0.086746 -80.905685 -0.030806 0.999273 -0.022463 -1.731088 0.086037 0.025041 0.995977 54.832901
0.996159 0.027164 -0.083237 -81.182274 -0.027539 0.999615 -0.003364 -1.867437 0.083114 0.005643 0.996524 57.918465
0.995564 0.023995 -0.090977 -81.433487 -0.024872 0.999654 -0.008519 -1.972781 0.090741 0.010744 0.995817 60.707714
0.994444 0.027848 -0.101518 -81.708519 -0.029726 0.999413 -0.017027 -2.070269 0.100984 0.019950 0.994688 63.213234
0.992617 0.044290 -0.112911 -82.086617 -0.046201 0.998829 -0.014363 -2.209479 0.112143 0.019474 0.993501 66.165443
0.990615 0.047925 -0.128006 -82.436676 -0.048903 0.998793 -0.004504 -2.322073 0.127636 0.010722 0.991763 68.803802
0.987155 0.053157 -0.150660 -82.899414 -0.054227 0.998524 -0.003004 -2.440582 0.150278 0.011135 0.988581 71.786263
0.983967 0.059722 -0.168054 -83.394241 -0.061033 0.998132 -0.002643 -2.528160 0.167583 0.012857 0.985774 74.499947
0.979151 0.060165 -0.194019 -83.965828 -0.061812 0.998085 -0.002441 -2.654155 0.193500 0.014382 0.980995 77.418793
0.972027 0.061399 -0.226701 -84.598732 -0.062148 0.998060 0.003839 -2.730579 0.226497 0.010357 0.973957 80.219734
0.960651 0.062727 -0.270583 -85.379562 -0.063578 0.997961 0.005628 -2.796002 0.270385 0.011796 0.962680 83.050003
0.949615 0.063067 -0.307009 -86.188469 -0.062697 0.997971 0.011077 -2.821653 0.307085 0.008730 0.951642 85.679832
0.937402 0.059157 -0.343189 -87.004448 -0.057946 0.998224 0.013792 -2.871720 0.343396 0.006957 0.939165 88.030022
0.927275 0.047668 -0.371333 -87.968025 -0.050391 0.998727 0.002374 -2.928113 0.370974 0.016511 0.928497 90.476631
0.918578 0.051345 -0.391892 -88.940834 -0.048553 0.998675 0.017040 -2.945699 0.392247 0.003375 0.919854 92.778206
0.910516 0.049749 -0.410471 -90.050224 -0.050288 0.998690 0.009490 -2.943270 0.410405 0.012001 0.911824 95.147026
0.902226 0.054426 -0.427816 -91.298965 -0.052472 0.998488 0.016368 -2.965757 0.428060 0.007681 0.903718 97.753052
0.894661 0.052572 -0.443641 -92.464149 -0.057034 0.998367 0.003291 -2.976614 0.443089 0.022358 0.896199 100.070076
0.885254 0.056086 -0.461714 -93.807007 -0.058488 0.998246 0.009122 -3.004368 0.461416 0.018930 0.886982 102.660217
0.877241 0.055176 -0.476869 -95.096092 -0.057583 0.998295 0.009578 -3.030935 0.476584 0.019057 0.878922 105.018600
0.867918 0.046904 -0.494487 -96.508209 -0.053721 0.998556 0.000426 -3.079767 0.493793 0.026194 0.869185 107.507278
0.862114 0.051601 -0.504079 -97.895187 -0.048555 0.998636 0.019185 -3.092414 0.504382 0.007936 0.863444 109.835632
0.855995 0.046545 -0.514884 -99.299973 -0.043161 0.998896 0.018544 -3.116102 0.515179 0.006349 0.857059 112.180641
0.849758 0.044614 -0.525283 -100.677094 -0.041058 0.998987 0.018428 -3.131524 0.525572 0.005908 0.850728 114.317612
0.844467 0.042076 -0.533952 -101.940353 -0.037346 0.999109 0.019666 -3.150732 0.534304 0.003334 0.845286 116.219826
0.839194 0.036189 -0.542627 -103.024429 -0.035996 0.999292 0.010976 -3.179621 0.542640 0.010321 0.839902 117.885109
0.830066 0.036998 -0.556436 -103.924591 -0.035077 0.999285 0.014118 -3.207188 0.556560 0.007799 0.830771 119.193031
0.814211 0.046416 -0.578710 -104.776001 -0.036338 0.998919 0.028994 -3.205892 0.579431 -0.002578 0.815018 120.396637
0.791504 0.042952 -0.609653 -105.360046 -0.030142 0.999057 0.031254 -3.213098 0.610420 -0.006362 0.792052 121.213188
0.743955 0.038027 -0.667147 -105.987267 -0.032779 0.999254 0.020405 -3.223587 0.667425 0.006688 0.744647 121.957458
0.680978 0.040590 -0.731178 -106.653801 -0.042606 0.998967 0.015776 -3.195128 0.731063 0.020409 0.682004 122.559395
0.617060 0.043776 -0.785697 -107.216003 -0.042981 0.998836 0.021896 -3.183892 0.785741 0.020259 0.618223 122.994415
0.522034 0.056734 -0.851036 -107.915611 -0.053469 0.998000 0.033732 -3.173138 0.851247 0.027894 0.524023 123.385956
0.402789 0.052752 -0.913772 -108.709381 -0.052745 0.998017 0.034365 -3.168625 0.913772 0.034355 0.404772 123.733932
0.281440 0.046911 -0.958432 -109.523537 -0.049106 0.998200 0.034437 -3.147478 0.958322 0.037373 0.283237 123.965393
0.117431 0.041334 -0.992221 -110.466156 -0.044057 0.998367 0.036376 -3.107959 0.992103 0.039443 0.119060 124.071747
-0.043136 0.043383 -0.998127 -111.587379 -0.031527 0.998500 0.044762 -3.075292 0.998572 0.033399 -0.041703 124.072357
-0.226542 0.045432 -0.972941 -112.900078 -0.015490 0.998617 0.050238 -3.025879 0.973878 0.026452 -0.225525 123.832420
-0.368991 0.046152 -0.928286 -114.316910 0.000673 0.998779 0.049389 -2.974444 0.929433 0.017600 -0.368572 123.362358
-0.492939 0.044276 -0.868936 -116.027275 0.005363 0.998840 0.047853 -2.914555 0.870047 0.018929 -0.492605 122.459450
-0.556330 0.041448 -0.829927 -117.791374 0.005178 0.998909 0.046416 -2.836112 0.830945 0.021526 -0.555938 121.393517
-0.588091 0.043529 -0.807623 -119.800217 0.006829 0.998782 0.048860 -2.749050 0.808766 0.023219 -0.587672 119.998474
-0.603231 0.044489 -0.796324 -121.660896 0.008609 0.998748 0.049276 -2.661712 0.797520 0.022869 -0.602859 118.635681
-0.605303 0.043807 -0.794789 -123.677063 0.009087 0.998800 0.048131 -2.573207 0.795944 0.021911 -0.604974 117.116081
-0.607860 0.046834 -0.792662 -125.716171 0.007723 0.998561 0.053077 -2.484498 0.794006 0.026142 -0.607347 115.558556
-0.610522 0.044479 -0.790749 -127.802612 0.008055 0.998719 0.049958 -2.386116 0.791958 0.024131 -0.610099 113.956131
-0.610422 0.041244 -0.791002 -130.107803 0.011403 0.998998 0.043289 -2.288400 0.791995 0.017405 -0.610280 112.198387
-0.611705 0.035657 -0.790282 -132.382721 0.005480 0.999151 0.040840 -2.216405 0.791067 0.020652 -0.611381 110.406158
-0.612247 0.041532 -0.789575 -134.725616 0.006516 0.998851 0.047488 -2.140602 0.790640 0.023930 -0.611814 108.592796
-0.612541 0.042743 -0.789282 -137.074432 0.006898 0.998788 0.048735 -2.059804 0.790409 0.024408 -0.612094 106.756119
-0.613685 0.043342 -0.788360 -139.411392 0.004228 0.998658 0.051612 -1.975762 0.789539 0.028340 -0.613045 104.915375
-0.615796 0.043050 -0.786729 -141.726898 0.005456 0.998715 0.050380 -1.893416 0.787887 0.026731 -0.615239 103.107750
-0.618997 0.042283 -0.784254 -144.036514 0.005305 0.998752 0.049660 -1.808164 0.785375 0.026579 -0.618449 101.299683
-0.623470 0.039819 -0.780832 -145.925705 0.003236 0.998825 0.048353 -1.734292 0.781840 0.027620 -0.622867 99.838997
-0.622690 0.031417 -0.781838 -147.927612 -0.007976 0.998887 0.046491 -1.666938 0.782428 0.035186 -0.621746 98.225014
-0.618641 0.037935 -0.784757 -150.156265 -0.007682 0.998494 0.054323 -1.585984 0.785636 0.039635 -0.617418 96.453529
-0.618236 0.038717 -0.785038 -152.552246 -0.008833 0.998381 0.056195 -1.479650 0.785943 0.041676 -0.616893 94.581551
-0.618502 0.041568 -0.784683 -154.880096 -0.009721 0.998119 0.060537 -1.368495 0.785723 0.045070 -0.616934 92.725235
-0.620476 0.039811 -0.783215 -157.156067 -0.011256 0.998156 0.059654 -1.257926 0.784145 0.045830 -0.618883 90.913910
-0.621490 0.046873 -0.782019 -159.598465 -0.008575 0.997742 0.066619 -1.128060 0.783375 0.048109 -0.619684 88.966148
-0.622136 0.041703 -0.781798 -161.855133 -0.013069 0.997888 0.063629 -1.004030 0.782800 0.049803 -0.620277 87.144341
-0.619917 0.041202 -0.783585 -164.320480 -0.015745 0.997766 0.064920 -0.879656 0.784509 0.052583 -0.617884 85.173660
-0.617447 0.039618 -0.785614 -166.628540 -0.015645 0.997915 0.062620 -0.759791 0.786457 0.050956 -0.615539 83.337067
-0.616376 0.039131 -0.786480 -169.128845 -0.011449 0.998214 0.058639 -0.627512 0.787369 0.045148 -0.614826 81.391006
-0.613853 0.036884 -0.788559 -171.428268 -0.015164 0.998173 0.058493 -0.527280 0.789275 0.047864 -0.612171 79.568169
-0.612287 0.035105 -0.789856 -173.945450 -0.016487 0.998230 0.057147 -0.425835 0.790463 0.048013 -0.610625 77.603584
-0.612574 0.034796 -0.789647 -176.215378 -0.017599 0.998182 0.057637 -0.327192 0.790217 0.049204 -0.610848 75.836624
-0.611089 0.041336 -0.790482 -178.610825 -0.016015 0.997786 0.064557 -0.210919 0.791400 0.052109 -0.609074 73.951584
-0.612299 0.044411 -0.789378 -180.915009 -0.012250 0.997768 0.065637 -0.093227 0.790531 0.049859 -0.610389 72.165291
-0.619591 0.046645 -0.783537 -182.985245 -0.003709 0.998048 0.062348 0.010508 0.784916 0.041536 -0.618209 70.583778
-0.638203 0.049887 -0.768250 -184.781250 0.003133 0.998058 0.062207 0.105009 0.769862 0.037294 -0.637120 69.176491
-0.683120 0.055841 -0.728168 -186.503036 0.014874 0.997930 0.062574 0.190346 0.730154 0.031914 -0.682536 67.737656
-0.754235 0.049713 -0.654720 -188.005127 0.007657 0.997728 0.066938 0.268903 0.656560 0.045474 -0.752902 66.203957
-0.831947 0.038034 -0.553551 -189.088242 0.000477 0.997697 0.067833 0.333513 0.554856 0.056170 -0.830048 64.799767
-0.909790 0.006687 -0.415015 -189.840012 -0.019426 0.998089 0.058667 0.413367 0.414614 0.061436 -0.907921 63.261547
-0.962648 -0.004284 -0.270722 -190.293991 -0.023233 0.997494 0.066829 0.467720 0.269757 0.070623 -0.960335 61.796120
-0.995780 -0.006078 -0.091571 -190.488342 -0.013107 0.996994 0.076361 0.578666 0.090832 0.077239 -0.992866 60.155819
-0.997763 -0.004500 0.066700 -190.454224 0.000232 0.997493 0.070765 0.647474 -0.066851 0.070622 -0.995260 58.719452
-0.968631 -0.004306 0.248466 -190.076508 0.013023 0.997596 0.068061 0.730704 -0.248162 0.069162 -0.966246 57.048363
-0.918018 -0.004995 0.396508 -189.448074 0.027954 0.996618 0.077276 0.818570 -0.395553 0.082025 -0.914773 55.308468
-0.870004 -0.006276 0.493005 -188.708481 0.034985 0.996613 0.074424 0.907864 -0.491803 0.081997 -0.866837 53.857510
-0.833014 -0.005728 0.553222 -187.808594 0.037637 0.997043 0.066995 0.999501 -0.551970 0.076630 -0.830335 52.291096
-0.812656 -0.000922 0.582743 -186.840469 0.044602 0.996967 0.063777 1.063516 -0.581034 0.077821 -0.810150 50.770664
-0.807918 0.000867 0.589294 -185.654434 0.047604 0.996827 0.063798 1.155208 -0.587368 0.079597 -0.805396 49.081894
-0.808863 0.006017 0.587967 -184.490784 0.045984 0.997532 0.053051 1.230072 -0.586197 0.069948 -0.807143 47.515671
-0.810828 -0.001828 0.585281 -183.145325 0.037027 0.997832 0.054414 1.287189 -0.584112 0.065792 -0.809002 45.685982
-0.809824 -0.010889 0.586572 -181.724487 0.033761 0.997306 0.065124 1.364974 -0.585701 0.072543 -0.807274 43.727291
-0.808081 -0.010769 0.588972 -180.263367 0.032647 0.997477 0.063031 1.473677 -0.588166 0.070163 -0.805691 41.755390
-0.807364 -0.010134 0.589967 -178.772034 0.039988 0.996614 0.071843 1.586854 -0.588698 0.081595 -0.804225 39.677734
-0.807908 0.004107 0.589294 -177.256622 0.052125 0.996554 0.064516 1.710964 -0.586999 0.082840 -0.805338 37.535336
-0.809003 -0.000178 0.587805 -175.587662 0.050071 0.996344 0.069215 1.835588 -0.585668 0.085427 -0.806036 35.291210
-0.809449 0.001433 0.587189 -173.824646 0.058677 0.995189 0.078459 1.983803 -0.584251 0.097963 -0.805639 32.764038
-0.809538 0.002852 0.587060 -172.133224 0.067404 0.993827 0.088120 2.160667 -0.583185 0.110907 -0.804733 30.406866
-0.811083 0.012562 0.584797 -170.366440 0.069037 0.994837 0.074381 2.320302 -0.580843 0.100701 -0.807763 27.933752
-0.813283 0.009379 0.581793 -168.677307 0.067775 0.994591 0.078708 2.478270 -0.577908 0.103443 -0.809519 25.628187
-0.831436 0.007716 0.555566 -166.746124 0.063861 0.994604 0.081758 2.671498 -0.551938 0.103456 -0.827443 22.924419
-0.859614 0.012100 0.510801 -165.100647 0.068406 0.993445 0.091586 2.865302 -0.506344 0.113670 -0.854807 20.413448
-0.908339 0.029654 0.417183 -163.647537 0.077298 0.992202 0.097777 3.101057 -0.411030 0.121062 -0.903547 17.658751
-0.945250 0.040357 0.323841 -162.597977 0.070316 0.994203 0.081344 3.283213 -0.318681 0.099661 -0.942608 15.160061
-0.970468 0.037590 0.238284 -161.837860 0.058938 0.994796 0.083105 3.450830 -0.233921 0.094695 -0.967633 12.698631
-0.985830 0.040510 0.162785 -161.196457 0.056366 0.993975 0.093999 3.690411 -0.157996 0.101843 -0.982174 9.429480
-0.992634 0.043211 0.113188 -160.808289 0.053432 0.994608 0.088884 3.906728 -0.108737 0.094277 -0.989590 6.691653
-0.994451 0.056000 0.089053 -160.501068 0.065853 0.991540 0.111860 4.197838 -0.082035 0.117104 -0.989726 3.171714
-0.995290 0.044470 0.086141 -160.219055 0.053298 0.993247 0.103052 4.465857 -0.080977 0.107157 -0.990939 0.198200
-0.995635 0.035332 0.086388 -159.844177 0.044466 0.993350 0.106203 4.800725 -0.082061 0.109581 -0.990585 -3.502426
-0.995167 0.030480 0.093352 -159.543961 0.039942 0.994061 0.101231 5.073430 -0.089712 0.104471 -0.990473 -6.743130
-0.995247 0.023852 0.094412 -159.138351 0.033518 0.994203 0.102160 5.379314 -0.091428 0.104839 -0.990278 -10.546906
-0.995435 0.020989 0.093109 -158.735321 0.031035 0.993688 0.107797 5.702573 -0.090259 0.110195 -0.989803 -14.619781
-0.995795 0.020294 0.089328 -158.369553 0.029508 0.994236 0.103070 6.000462 -0.086722 0.105273 -0.990655 -18.380558
-0.996293 0.023715 0.082690 -157.988922 0.032475 0.993809 0.106253 6.289850 -0.079658 0.108545 -0.990895 -22.450346
-0.996988 0.025354 0.073300 -157.686462 0.033042 0.993854 0.105655 6.584127 -0.070171 0.107759 -0.991698 -26.200560
-0.997281 0.033648 0.065555 -157.426727 0.040675 0.993211 0.108985 6.866190 -0.061443 0.111355 -0.991879 -29.644705
-0.997124 0.046980 0.059466 -157.196228 0.053324 0.992497 0.110026 7.177724 -0.053850 0.112881 -0.992148 -33.207336
-0.996744 0.053835 0.060033 -157.007202 0.059817 0.992905 0.102768 7.438105 -0.054075 0.106024 -0.992892 -36.526539
-0.996367 0.058907 0.061498 -156.799515 0.065130 0.992375 0.104638 7.707777 -0.054865 0.108263 -0.992607 -40.106293
-0.996241 0.057234 0.065031 -156.561249 0.063899 0.992362 0.105524 7.954359 -0.058495 0.109283 -0.992288 -43.499489
-0.995583 0.060957 0.071404 -156.317169 0.068140 0.992354 0.102913 8.211941 -0.064585 0.107324 -0.992124 -47.115376
-0.995081 0.063123 0.076353 -156.069122 0.070719 0.992344 0.101253 8.462799 -0.069377 0.106155 -0.991926 -50.445248
-0.995282 0.060810 0.075607 -155.771835 0.068695 0.991938 0.106488 8.727589 -0.068522 0.111179 -0.991435 -54.000027
-0.996341 0.054083 0.066172 -155.499573 0.061010 0.992322 0.107588 8.983898 -0.059845 0.111231 -0.991991 -57.273281
-0.997654 0.056458 0.038725 -155.329620 0.060473 0.991884 0.111847 9.240856 -0.032096 0.113926 -0.992971 -60.475395
-0.998328 0.054755 0.018531 -155.225327 0.056525 0.991792 0.114691 9.468180 -0.012099 0.115547 -0.993228 -63.180691
-0.998422 0.056019 -0.004012 -155.211670 0.055179 0.991746 0.115736 9.686249 0.010462 0.115332 -0.993272 -65.705200
-0.998283 0.055705 -0.018088 -155.192810 0.053115 0.991210 0.121170 9.885762 0.024679 0.120001 -0.992467 -67.854301
-0.997855 0.061500 -0.022442 -155.213272 0.058233 0.990452 0.124954 10.064602 0.029912 0.123379 -0.991909 -69.684410
-0.997924 0.061091 -0.020387 -155.217636 0.058034 0.990247 0.126660 10.188783 0.027926 0.125214 -0.991737 -70.825890
-0.998218 0.058474 -0.011899 -155.201370 0.056549 0.990638 0.124249 10.276669 0.019053 0.123355 -0.992180 -71.582634
-0.998162 0.060455 -0.004298 -155.214096 0.059492 0.990859 0.121074 10.359406 0.011578 0.120596 -0.992634 -72.330093
-0.998346 0.057494 0.000271 -155.208450 0.057108 0.991082 0.120398 10.404360 0.006653 0.120214 -0.992726 -72.678627
-0.998135 0.057904 0.019339 -155.198395 0.059799 0.991112 0.118830 10.469666 -0.012286 0.119764 -0.992726 -73.226677
-0.997628 0.050241 0.047046 -155.161530 0.055517 0.991399 0.118518 10.523191 -0.040687 0.120849 -0.991837 -73.638992
-0.997067 0.049698 0.058200 -155.162582 0.056262 0.991514 0.117193 10.540248 -0.051882 0.120124 -0.991402 -73.785919
-0.996810 0.049623 0.062511 -155.162003 0.056681 0.991545 0.116732 10.545205 -0.056189 0.119903 -0.991194 -73.829704
-0.996778 0.050577 0.062247 -155.170486 0.057525 0.991648 0.115436 10.541236 -0.055889 0.118644 -0.991363 -73.809776
-0.996842 0.049902 0.061774 -155.171478 0.056805 0.991672 0.115581 10.543307 -0.055492 0.118725 -0.991375 -73.807091
-0.996842 0.049967 0.061724 -155.174484 0.056879 0.991638 0.115840 10.548055 -0.055420 0.118985 -0.991348 -73.810577
-0.996860 0.050104 0.061321 -155.179398 0.056946 0.991679 0.115455 10.550157 -0.055026 0.118584 -0.991418 -73.805222
-0.996835 0.050612 0.061304 -155.181931 0.057435 0.991682 0.115190 10.549147 -0.054964 0.118347 -0.991450 -73.804649
-0.996818 0.050825 0.061405 -155.184814 0.057653 0.991680 0.115098 10.549209 -0.055044 0.118272 -0.991454 -73.807594
-0.996785 0.051033 0.061760 -155.184891 0.057904 0.991660 0.115137 10.549783 -0.055369 0.118344 -0.991428 -73.808716
-0.996768 0.050876 0.062176 -155.185516 0.057805 0.991650 0.115279 10.551180 -0.055792 0.118500 -0.991385 -73.808281
-0.996775 0.050264 0.062559 -155.183670 0.057257 0.991651 0.115542 10.553528 -0.056229 0.118751 -0.991331 -73.806885
-0.996727 0.050403 0.063210 -155.188492 0.057473 0.991639 0.115538 10.556968 -0.056858 0.118792 -0.991290 -73.803947
-0.996742 0.050059 0.063234 -155.187210 0.057149 0.991627 0.115801 10.562799 -0.056908 0.119038 -0.991258 -73.803802
-0.996691 0.050406 0.063773 -155.188080 0.057563 0.991594 0.115881 10.567142 -0.057396 0.119168 -0.991214 -73.807800
-0.996653 0.050732 0.064107 -155.190445 0.057940 0.991544 0.116114 10.571740 -0.057675 0.119439 -0.991165 -73.803894
-0.996631 0.051035 0.064208 -155.188904 0.058275 0.991483 0.116468 10.574777 -0.057717 0.119818 -0.991117 -73.800827
-0.996601 0.051204 0.064530 -155.190720 0.058483 0.991469 0.116487 10.575774 -0.058015 0.119865 -0.991094 -73.801186
-0.996583 0.051356 0.064696 -155.196289 0.058661 0.991444 0.116611 10.576844 -0.058154 0.120007 -0.991068 -73.797226
-0.996559 0.051719 0.064769 -155.202087 0.059039 0.991406 0.116739 10.579549 -0.058175 0.120161 -0.991048 -73.797234
-0.996553 0.051671 0.064903 -155.200134 0.059021 0.991379 0.116983 10.579856 -0.058298 0.120411 -0.991011 -73.796074
-0.996574 0.051668 0.064584 -155.206238 0.058987 0.991366 0.117108 10.583997 -0.057975 0.120516 -0.991017 -73.790520
-0.996606 0.051538 0.064185 -155.207504 0.058819 0.991357 0.117267 10.584288 -0.057586 0.120644 -0.991024 -73.779922
-0.996562 0.052186 0.064355 -155.213379 0.059496 0.991293 0.117467 10.584212 -0.057664 0.120892 -0.990989 -73.775909
-0.996530 0.051920 0.065054 -155.210663 0.059315 0.991306 0.117450 10.585118 -0.058391 0.120901 -0.990946 -73.779747
-0.996276 0.051679 0.069019 -155.209488 0.059521 0.991361 0.116875 10.586646 -0.062383 0.120548 -0.990746 -73.785751
-0.995301 0.051368 0.082082 -155.204147 0.060741 0.991378 0.116106 10.592681 -0.075410 0.120546 -0.989839 -73.840027
-0.993191 0.050230 0.105109 -155.174927 0.062319 0.991398 0.115093 10.604570 -0.098424 0.120860 -0.987778 -73.933495
-0.987578 0.048506 0.149456 -155.127747 0.065678 0.991514 0.112193 10.619515 -0.142746 0.120615 -0.982383 -74.101349
-0.979469 0.046189 0.196232 -155.060364 0.068012 0.992041 0.105966 10.630559 -0.189776 0.117137 -0.974815 -74.294891
-0.966948 0.044879 0.250994 -154.949356 0.072687 0.992059 0.102640 10.664869 -0.244394 0.117492 -0.962532 -74.632225
-0.940008 0.040660 0.338721 -154.720963 0.080159 0.991399 0.103449 10.715580 -0.331602 0.124395 -0.935183 -75.234047
-0.907532 0.040791 0.417998 -154.455338 0.091269 0.990642 0.101482 10.765593 -0.409946 0.130249 -0.902762 -75.816620
-0.855561 0.038753 0.516249 -154.066849 0.099513 0.990909 0.090535 10.804654 -0.508048 0.128832 -0.851640 -76.426010
-0.757704 0.042969 0.651182 -153.500488 0.112686 0.991456 0.065697 10.869380 -0.642796 0.123157 -0.756073 -77.132240
-0.612920 0.043286 0.788958 -152.422638 0.123568 0.991464 0.041601 10.938320 -0.780423 0.122988 -0.613037 -78.134827
-0.475069 0.034873 0.879258 -151.027496 0.132329 0.990682 0.032206 10.979778 -0.869942 0.131652 -0.475257 -78.990265
-0.294393 0.024005 0.955383 -149.073990 0.143134 0.989516 0.019243 11.004218 -0.944905 0.142413 -0.294743 -79.780960
-0.167746 0.026327 0.985479 -147.042374 0.144354 0.989524 -0.001863 10.981642 -0.975204 0.141945 -0.169790 -80.251450
-0.084789 0.031842 0.995890 -144.260803 0.142567 0.989593 -0.019502 10.929495 -0.986147 0.140328 -0.088446 -80.633690
-0.038419 0.040423 0.998444 -141.645172 0.143165 0.989096 -0.034536 10.822897 -0.988953 0.141616 -0.043788 -80.821472
-0.010144 0.040164 0.999142 -138.551056 0.126758 0.991184 -0.038557 10.656404 -0.991882 0.126259 -0.015146 -80.870743
-0.003414 0.038138 0.999267 -135.474014 0.126557 0.991254 -0.037400 10.502972 -0.991953 0.126336 -0.008211 -80.909111
0.010548 0.038423 0.999206 -132.272766 0.127266 0.991084 -0.039454 10.327779 -0.991813 0.127581 0.005564 -80.907364
0.027145 0.028569 0.999223 -128.715469 0.127541 0.991323 -0.031808 10.131721 -0.991462 0.128305 0.023266 -80.851257
0.029273 0.030668 0.999101 -125.197754 0.123226 0.991794 -0.034054 9.936563 -0.991947 0.124112 0.025254 -80.753952
0.021481 0.024123 0.999478 -121.530342 0.129257 0.991252 -0.026703 9.751091 -0.991378 0.129763 0.018175 -80.673744
0.019142 0.026849 0.999456 -117.928520 0.131482 0.990890 -0.029137 9.554435 -0.991134 0.131968 0.015437 -80.606804
0.017020 0.023190 0.999586 -114.304253 0.131091 0.991049 -0.025224 9.363353 -0.991224 0.131467 0.013828 -80.542435
0.015842 0.027109 0.999507 -110.742615 0.129415 0.991168 -0.028934 9.164701 -0.991464 0.129810 0.012194 -80.482704
0.013113 0.019104 0.999732 -106.948883 0.123062 0.992186 -0.020574 8.969812 -0.992312 0.123299 0.010659 -80.420288
0.012164 0.020513 0.999716 -103.386269 0.119592 0.992583 -0.021822 8.800747 -0.992749 0.119824 0.009621 -80.360924
0.012149 0.021305 0.999699 -99.912361 0.123719 0.992059 -0.022646 8.639596 -0.992243 0.123957 0.009416 -80.349091
0.017519 0.019620 0.999654 -96.299644 0.129818 0.991300 -0.021732 8.462055 -0.991383 0.130154 0.014819 -80.335732
0.025696 0.021241 0.999444 -92.836700 0.128349 0.991430 -0.024370 8.294000 -0.991396 0.128904 0.022750 -80.259071
0.032855 0.020031 0.999259 -89.464417 0.128868 0.991369 -0.024110 8.129758 -0.991117 0.129565 0.029990 -80.170311
0.037734 0.017369 0.999137 -85.923149 0.128557 0.991456 -0.022090 7.953548 -0.990984 0.129280 0.035179 -80.026741
0.034554 0.018864 0.999225 -82.562462 0.125641 0.991808 -0.023068 7.787269 -0.991474 0.126341 0.031901 -79.878708
0.027689 0.021514 0.999385 -79.311790 0.128581 0.991386 -0.024904 7.613950 -0.991312 0.129191 0.024684 -79.800453
0.022211 0.017688 0.999597 -76.035263 0.129908 0.991316 -0.020428 7.448571 -0.991277 0.130309 0.019720 -79.735405
0.017148 0.020378 0.999645 -72.791061 0.129242 0.991359 -0.022426 7.295729 -0.991465 0.129581 0.014366 -79.674240
0.014539 0.024826 0.999586 -69.564156 0.129582 0.991215 -0.026503 7.139235 -0.991462 0.129913 0.011194 -79.631569
0.015397 0.018656 0.999707 -66.346230 0.127581 0.991617 -0.020470 6.969896 -0.991709 0.127859 0.012888 -79.585686
0.017633 0.017680 0.999688 -63.140137 0.118038 0.992815 -0.019640 6.814888 -0.992853 0.118347 0.015419 -79.499832
0.019053 0.021397 0.999590 -59.962513 0.111450 0.993495 -0.023391 6.655584 -0.993587 0.111850 0.016544 -79.418694
0.022189 0.012356 0.999677 -56.763210 0.113142 0.993469 -0.014791 6.500307 -0.993331 0.113434 0.020646 -79.371338
0.026386 0.018150 0.999487 -53.627323 0.115608 0.993071 -0.021086 6.361016 -0.992944 0.116105 0.024105 -79.307663
0.029281 0.019882 0.999373 -50.478237 0.114594 0.993143 -0.023115 6.207998 -0.992981 0.115199 0.026802 -79.225006
0.029962 0.025088 0.999236 -47.373070 0.115358 0.992918 -0.028388 6.030891 -0.992872 0.116120 0.026855 -79.149498
0.028459 0.017781 0.999437 -44.259136 0.118460 0.992736 -0.021035 5.872106 -0.992551 0.118992 0.026145 -79.082764
0.025422 0.018701 0.999502 -41.220085 0.114561 0.993184 -0.021497 5.720385 -0.993091 0.115050 0.023106 -79.001923
0.022505 0.016423 0.999612 -38.207249 0.114855 0.993202 -0.018904 5.590605 -0.993127 0.115236 0.020466 -78.937836
0.021385 0.014725 0.999663 -35.219601 0.112120 0.993549 -0.017033 5.454660 -0.993465 0.112447 0.019596 -78.877419
0.018333 0.014953 0.999720 -32.689899 0.111424 0.993629 -0.016906 5.347138 -0.993604 0.111703 0.016550 -78.811340
0.020688 0.012625 0.999706 -29.587540 0.107650 0.994079 -0.014781 5.214087 -0.993974 0.107924 0.019206 -78.750381
0.031281 0.014654 0.999403 -27.003674 0.104463 0.994369 -0.017850 5.102892 -0.994037 0.104959 0.029574 -78.672150
0.058992 0.020483 0.998048 -24.074110 0.107835 0.993808 -0.026770 4.959123 -0.992417 0.109204 0.056418 -78.562294
0.093605 0.021413 0.995379 -21.686272 0.107174 0.993742 -0.031457 4.838030 -0.989824 0.109624 0.090725 -78.425438
0.142765 0.021408 0.989525 -19.801924 0.102960 0.994021 -0.036360 4.712715 -0.984387 0.107072 0.139708 -78.207130
0.227863 0.022167 0.973441 -17.620264 0.095904 0.994369 -0.045093 4.546528 -0.968959 0.103632 0.224454 -77.776337
0.316044 0.029083 0.948299 -16.055525 0.088173 0.994304 -0.059880 4.425560 -0.944638 0.102539 0.311679 -77.310944
0.436284 0.027552 0.899387 -14.605058 0.085513 0.993738 -0.071924 4.286977 -0.895737 0.108288 0.431196 -76.732140
0.593353 0.033510 0.804244 -13.214096 0.065001 0.993875 -0.089367 4.098989 -0.802313 0.105303 0.587541 -75.776031
0.710771 0.038783 0.702354 -12.200340 0.040293 0.994595 -0.095696 3.898357 -0.702269 0.096318 0.705366 -74.778946
0.811329 0.034333 0.583580 -11.326109 0.021186 0.995891 -0.088045 3.733428 -0.584205 0.083797 0.807269 -73.631569
0.909829 0.044937 0.412542 -10.538516 -0.013591 0.996813 -0.078607 3.516582 -0.414760 0.065912 0.907541 -71.918190
0.954973 0.052284 0.292048 -10.091440 -0.029895 0.996297 -0.080610 3.355373 -0.295181 0.068250 0.953000 -70.510368
0.980174 0.062109 0.188152 -9.700607 -0.047943 0.995727 -0.078928 3.171263 -0.192250 0.068343 0.978963 -68.599808
0.990539 0.061387 0.122732 -9.403661 -0.051709 0.995408 -0.080549 2.959132 -0.127113 0.073441 0.989166 -66.462975
0.995214 0.057838 0.078769 -9.249601 -0.051497 0.995441 -0.080281 2.780762 -0.083053 0.075840 0.993655 -64.607002
0.997572 0.056871 0.040207 -9.154642 -0.053431 0.995201 -0.081976 2.552232 -0.044676 0.079629 0.995823 -62.279724
0.998236 0.054968 0.022416 -9.086749 -0.053010 0.995372 -0.080156 2.276814 -0.026718 0.078826 0.996530 -59.524483
0.998588 0.051697 0.012196 -9.056260 -0.050658 0.995974 -0.073960 2.044594 -0.015971 0.073238 0.997187 -57.153118
0.998816 0.048570 -0.002787 -9.047399 -0.048645 0.996317 -0.070606 1.773278 -0.000652 0.070658 0.997500 -54.339169
0.998704 0.049225 -0.012941 -9.113750 -0.050008 0.996327 -0.069515 1.483414 0.009472 0.070073 0.997497 -51.335255
0.998682 0.049085 -0.015012 -9.167695 -0.050004 0.996388 -0.068638 1.262270 0.011589 0.069298 0.997529 -48.822865
0.998665 0.049585 -0.014501 -9.237904 -0.050438 0.996545 -0.065987 0.988026 0.011179 0.066630 0.997715 -45.919106
0.998721 0.049407 -0.010705 -9.296032 -0.050022 0.996433 -0.067966 0.780239 0.007308 0.068414 0.997630 -43.532616
0.998730 0.049914 -0.006926 -9.348572 -0.050261 0.996595 -0.065359 0.507280 0.003640 0.065624 0.997838 -40.720352
0.998757 0.049663 -0.004324 -9.381145 -0.049843 0.996397 -0.068626 0.247910 0.000900 0.068757 0.997633 -37.994171
0.998428 0.055942 -0.003530 -9.439311 -0.056050 0.995702 -0.073732 -0.010583 -0.000609 0.073814 0.997272 -35.373604
0.998208 0.059757 -0.003196 -9.489475 -0.059826 0.995284 -0.076361 -0.248884 -0.001382 0.076415 0.997075 -33.043491
0.998006 0.062757 -0.006762 -9.532625 -0.063086 0.995236 -0.074332 -0.514612 0.002065 0.074610 0.997211 -30.579050
0.997882 0.063857 -0.012411 -9.585258 -0.064623 0.994969 -0.076551 -0.747105 0.007461 0.077191 0.996988 -28.342525
0.997827 0.062545 -0.020698 -9.642570 -0.063932 0.995132 -0.074996 -1.007564 0.015906 0.076156 0.996969 -25.955881
0.997655 0.063155 -0.026371 -9.719584 -0.064932 0.995210 -0.073086 -1.231225 0.021629 0.074627 0.996977 -23.837404
0.997457 0.064575 -0.030146 -9.809134 -0.066563 0.995295 -0.070404 -1.470782 0.025457 0.072232 0.997063 -21.616781
0.997292 0.068689 -0.026283 -9.886117 -0.070394 0.995014 -0.070650 -1.672647 0.021299 0.072308 0.997155 -19.686638
0.997083 0.073351 -0.021104 -9.956169 -0.074699 0.994572 -0.072434 -1.888284 0.015677 0.073799 0.997150 -17.728821
0.996776 0.077722 -0.019900 -10.004905 -0.078971 0.994238 -0.072485 -2.074761 0.014152 0.073823 0.997171 -16.007046
0.996560 0.081061 -0.017215 -10.056060 -0.082077 0.994158 -0.070091 -2.254165 0.011433 0.071263 0.997392 -14.374866
0.996678 0.079828 -0.016144 -10.085172 -0.080798 0.994067 -0.072816 -2.404135 0.010236 0.073879 0.997215 -12.976472
0.996641 0.080385 -0.015650 -10.118949 -0.081364 0.993651 -0.077705 -2.534713 0.009305 0.078717 0.996854 -11.807868
0.996570 0.081276 -0.015548 -10.145861 -0.082248 0.993542 -0.078159 -2.633394 0.009095 0.079170 0.996820 -10.900960
0.996426 0.082956 -0.015932 -10.177166 -0.083954 0.993395 -0.078218 -2.739036 0.009339 0.079277 0.996809 -9.900437
0.996043 0.083452 -0.030555 -10.213075 -0.085595 0.993327 -0.077297 -2.844859 0.023901 0.079606 0.996540 -8.895204
0.994908 0.086279 -0.052094 -10.274222 -0.090109 0.993005 -0.076294 -2.926435 0.045147 0.080599 0.995724 -8.107002
0.993590 0.088499 -0.070334 -10.353897 -0.093793 0.992694 -0.075908 -3.024058 0.063102 0.082018 0.994631 -7.190372
0.993092 0.091572 -0.073370 -10.431559 -0.097163 0.992312 -0.076655 -3.098626 0.065786 0.083255 0.994354 -6.464662
0.993681 0.090405 -0.066523 -10.502843 -0.095410 0.992505 -0.076355 -3.194666 0.059122 0.082220 0.994859 -5.570002
0.994202 0.089176 -0.060077 -10.558785 -0.093725 0.992559 -0.077734 -3.269041 0.052698 0.082914 0.995162 -4.837998
0.995103 0.087678 -0.045644 -10.614733 -0.091187 0.992492 -0.081510 -3.361548 0.038155 0.085273 0.995627 -3.947423
0.995910 0.085558 -0.029049 -10.655978 -0.087722 0.992603 -0.083932 -3.468825 0.021653 0.086137 0.996048 -2.909609
0.996369 0.083883 -0.014540 -10.674715 -0.084800 0.992993 -0.082308 -3.566827 0.007533 0.083242 0.996501 -1.986507
0.996413 0.084597 -0.002275 -10.691707 -0.084502 0.993110 -0.081187 -3.667751 -0.004609 0.081088 0.996696 -1.006846
0.996623 0.081777 0.007415 -10.680661 -0.080900 0.993355 -0.081856 -3.779483 -0.014059 0.080979 0.996617 0.046748
0.996441 0.083500 0.011572 -10.685221 -0.082213 0.992938 -0.085523 -3.899083 -0.018632 0.084268 0.996269 1.178494
0.997077 0.068617 0.033612 -10.593149 -0.065433 0.993961 -0.088094 -4.045527 -0.039454 0.085637 0.995545 2.691103
0.996831 0.079377 -0.005196 -10.582191 -0.079507 0.992132 -0.096713 -4.226701 -0.002522 0.096820 0.995299 4.211309
0.994629 0.078215 -0.067785 -10.617142 -0.084202 0.992330 -0.090504 -4.357689 0.060186 0.095725 0.993587 5.408193
0.981762 0.091142 -0.166846 -10.864684 -0.103589 0.992329 -0.067471 -4.500901 0.159416 0.083524 0.983672 6.836797
0.971783 0.101977 -0.212691 -11.165839 -0.115733 0.991853 -0.053230 -4.602405 0.205530 0.076344 0.975668 7.879374
0.974505 0.100079 -0.200806 -11.473781 -0.112203 0.992431 -0.049903 -4.680624 0.194292 0.071162 0.978359 9.082726
0.980093 0.099118 -0.172029 -11.623531 -0.109025 0.992826 -0.049104 -4.752069 0.165928 0.066882 0.983867 9.819303
0.984863 0.094380 -0.145390 -11.678007 -0.103314 0.993118 -0.055154 -4.793854 0.139184 0.069340 0.987836 10.286230
