1.000000 0.000000 0.000000 0.000000 0.000000 1.000000 0.000000 0.000000 0.000000 0.000000 1.000000 0.000000
1.000000 0.000000 0.000000 0.000000 0.000000 1.000000 0.000000 0.000000 0.000000 0.000000 1.000000 0.000000
0.999981 0.000594 -0.006090 -0.000000 -0.000593 1.000000 0.000066 -0.000000 0.006090 -0.000063 0.999981 0.000000
0.999916 0.001563 -0.012888 -0.000000 -0.001563 0.999999 0.000012 -0.000000 0.012888 0.000008 0.999917 0.000000
0.999792 0.002105 -0.020271 -0.000000 -0.002114 0.999998 -0.000419 -0.000000 0.020270 0.000462 0.999794 0.000000
0.999593 0.002681 -0.028415 -0.000000 -0.002726 0.999995 -0.001559 -0.000000 0.028411 0.001636 0.999595 0.000000
0.999240 0.002939 -0.038879 -0.000000 -0.003042 0.999992 -0.002585 -0.000000 0.038871 0.002701 0.999241 0.000000
0.998638 0.003194 -0.052078 -0.000000 -0.003373 0.999989 -0.003351 -0.000000 0.052067 0.003522 0.998637 0.000000
0.997485 0.003055 -0.070812 -0.000000 -0.003330 0.999987 -0.003761 -0.000000 0.070799 0.003987 0.997483 0.000000
0.990184 0.004095 -0.139707 -0.000000 -0.004956 0.999971 -0.005809 -0.000000 0.139679 0.006444 0.990176 0.000000
0.974961 0.010433 -0.222130 -0.000000 -0.012878 0.999871 -0.009562 -0.000000 0.222002 0.012183 0.974970 0.000000
0.948989 0.018732 -0.314751 -0.120051 -0.022029 0.999733 -0.006921 -0.006704 0.314537 0.013502 0.949149 0.448546
0.931206 -0.035029 -0.362805 -0.168797 0.039549 0.999205 0.005035 0.058195 0.362341 -0.019037 0.931851 0.735000
0.889064 0.058763 -0.453995 -0.168797 -0.025602 0.996557 0.078854 0.058195 0.457066 -0.058484 0.887508 0.735000
0.814420 0.082432 -0.574391 -0.542032 -0.055613 0.996390 0.064142 0.119762 0.577605 -0.020296 0.816064 1.192783
0.710758 0.101110 -0.696132 -1.248006 -0.080751 0.994802 0.062043 0.170926 0.698787 0.012116 0.715228 1.811739
0.618868 0.071216 -0.782260 -1.314612 -0.023397 0.997111 0.072266 0.198240 0.785147 -0.026420 0.618746 1.862910
0.481107 0.073069 -0.873612 -1.314612 -0.008944 0.996878 0.078453 0.198240 0.876616 -0.029931 0.480258 1.862910
0.360945 0.073976 -0.929648 -1.314612 -0.006692 0.997029 0.076739 0.198240 0.932563 -0.021477 0.360368 1.862910
0.253922 0.065576 -0.964999 -1.314612 -0.001667 0.997727 0.067361 0.198240 0.967223 -0.015496 0.253455 1.862910
0.193383 0.065704 -0.978921 -1.314612 -0.000114 0.997757 0.066946 0.198240 0.981123 -0.012834 0.192957 1.862910
0.172549 0.068384 -0.982624 -1.314612 -0.001576 0.997605 0.069150 0.198240 0.985000 -0.010383 0.172244 1.862910
0.176012 0.070791 -0.981839 -1.314612 -0.006423 0.997472 0.070766 0.198240 0.984367 -0.006149 0.176021 1.862910
0.179373 0.077405 -0.980731 -1.314612 -0.009650 0.996990 0.076923 0.198240 0.983734 -0.004334 0.179580 1.862910
0.181078 0.079682 -0.980235 -1.314612 -0.021882 0.996792 0.076986 0.198240 0.983225 0.007509 0.182241 1.862910
0.185299 0.084771 -0.979019 -1.314612 -0.022177 0.996379 0.082077 0.198240 0.982432 0.006503 0.186508 1.862910
0.190300 0.072890 -0.979016 -1.314612 -0.019848 0.997322 0.070395 0.198240 0.981525 0.006036 0.191237 1.862910
0.190118 0.091889 -0.977452 -1.314612 -0.019522 0.995767 0.089814 0.198240 0.981567 0.002006 0.191107 1.862910
0.187137 0.091309 -0.978081 -1.314612 -0.019459 0.995820 0.089242 0.198240 0.982141 0.002332 0.188131 1.862910
0.186677 0.085777 -0.978669 -1.314612 -0.020503 0.996304 0.083412 0.198240 0.982207 0.004495 0.187746 1.862910
0.186990 0.093883 -0.977865 -1.314612 -0.024781 0.995557 0.090843 0.198240 0.982049 0.007246 0.188486 1.862910
0.186354 0.100136 -0.977366 -1.314612 -0.026346 0.994944 0.096913 0.198240 0.982129 0.007689 0.188050 1.862910
0.184502 0.093991 -0.978327 -1.314612 -0.032686 0.995453 0.089472 0.198240 0.982288 0.015470 0.186735 1.862910
0.182668 0.090203 -0.979028 -1.314612 -0.027791 0.995858 0.086569 0.198240 0.982782 0.011395 0.184419 1.862910
0.178317 0.095315 -0.979346 -1.314612 -0.022351 0.995433 0.092811 0.198240 0.983719 0.005339 0.179633 1.862910
0.173792 0.094825 -0.980206 -1.314612 -0.027374 0.995434 0.091444 0.198240 0.984402 0.010939 0.175595 1.862910
0.172114 0.096036 -0.980384 -1.314612 -0.034071 0.995221 0.091508 0.198240 0.984488 0.017653 0.174564 1.862910
0.169299 0.103810 -0.980082 -1.314612 -0.035484 0.994435 0.099201 0.198240 0.984926 0.017983 0.172041 1.862910
0.170842 0.094217 -0.980784 -1.314612 -0.033004 0.995406 0.089872 0.198240 0.984746 0.017016 0.173166 1.862910
0.183851 0.094277 -0.978422 -1.314612 -0.029952 0.995465 0.090291 0.198240 0.982498 0.012705 0.185841 1.862910
0.209603 0.100257 -0.972633 -1.314612 -0.032374 0.994896 0.095575 0.198240 0.977251 0.011455 0.211779 1.862910
0.280382 0.106900 -0.953917 -1.314612 -0.043333 0.994176 0.098675 0.198240 0.958910 0.013669 0.283381 1.862910
0.398245 0.105158 -0.911231 -1.314612 -0.044567 0.994452 0.095285 0.198240 0.916196 0.002664 0.400722 1.862910
0.564550 0.097515 -0.819618 -2.527129 -0.051659 0.995224 0.082825 0.194669 0.823781 -0.004418 0.566891 2.612621
0.722642 0.084947 -0.685983 -2.527129 -0.048008 0.996191 0.072787 0.194669 0.689553 -0.019666 0.723968 2.612621
0.845417 0.099879 -0.524686 -5.486642 -0.092564 0.994893 0.040241 0.458799 0.526025 0.014546 0.850345 2.748598
0.922418 0.097272 -0.373742 -6.055046 -0.103538 0.994620 0.003325 0.475907 0.372055 0.035630 0.927527 3.848888
0.979444 0.102142 -0.173946 -6.055046 -0.106962 0.994090 -0.018537 0.475907 0.171024 0.036762 0.984581 3.848888
0.993508 0.109843 -0.029591 -6.055046 -0.110704 0.993425 -0.029189 0.475907 0.026190 0.032275 0.999136 3.848888
0.991878 0.119695 0.043022 -6.055046 -0.118454 0.992496 -0.030335 0.475907 -0.046330 0.024993 0.998613 3.848888
0.988107 0.118493 0.098002 -6.055046 -0.115661 0.992703 -0.034104 0.475907 -0.101328 0.022364 0.994602 3.848888
0.982811 0.115972 0.143643 -6.055046 -0.110107 0.992753 -0.048155 0.475907 -0.148187 0.031511 0.988457 3.848888
0.978810 0.115206 0.169287 -6.055046 -0.110202 0.993156 -0.038697 0.475907 -0.172586 0.019221 0.984807 3.848888
0.976690 0.114834 0.181356 -6.055046 -0.110574 0.993304 -0.033459 0.475907 -0.183983 0.012626 0.982848 3.848888
0.975229 0.116053 0.188309 -6.055046 -0.110534 0.993084 -0.039585 0.475907 -0.191600 0.017790 0.981312 3.848888
0.973550 0.122229 0.193027 -6.055046 -0.114708 0.992154 -0.049716 0.475907 -0.197589 0.026259 0.979933 3.848888
0.972240 0.120449 0.200603 -6.055046 -0.114811 0.992600 -0.039546 0.475907 -0.203881 0.015417 0.978874 3.848888
0.972100 0.115506 0.204154 -6.055046 -0.109374 0.993150 -0.041108 0.475907 -0.207504 0.017632 0.978075 3.848888
0.972154 0.112701 0.205465 -6.055046 -0.106304 0.993449 -0.041946 0.475907 -0.208846 0.018936 0.977765 3.848888
0.973417 0.116227 0.197357 -6.055046 -0.109435 0.992974 -0.045016 0.475907 -0.201203 0.022222 0.979298 3.848888
0.973462 0.122157 0.193516 -6.055046 -0.114740 0.992180 -0.049125 0.475907 -0.198004 0.025617 0.979866 3.848888
0.973750 0.124733 0.190401 -6.055046 -0.118335 0.991969 -0.044660 0.475907 -0.194442 0.020956 0.980690 3.848888
0.973299 0.121778 0.194574 -6.055046 -0.116618 0.992457 -0.037805 0.475907 -0.197711 0.014105 0.980159 3.848888
0.972721 0.117417 0.200069 -6.055046 -0.111183 0.992905 -0.042154 0.475907 -0.203599 0.018760 0.978875 3.848888
0.971948 0.114783 0.205283 -6.055046 -0.108847 0.993253 -0.040016 0.475907 -0.208491 0.016549 0.977884 3.848888
0.970762 0.123123 0.206065 -6.055046 -0.114062 0.991931 -0.055336 0.475907 -0.211215 0.030214 0.976972 3.848888
0.970597 0.115956 0.210941 -6.055046 -0.110565 0.993172 -0.037216 0.475907 -0.213816 0.012799 0.976790 3.848888
0.972487 0.114435 0.202914 -6.055046 -0.108178 0.993257 -0.041702 0.475907 -0.206317 0.018604 0.978308 3.848888
0.973975 0.120771 0.191802 -6.055046 -0.113344 0.992333 -0.049279 0.475907 -0.196283 0.026257 0.980196 3.848888
0.974031 0.136228 0.180845 -6.055046 -0.130048 0.990456 -0.045659 0.475907 -0.185339 0.020955 0.982451 3.848888
0.976399 0.137154 0.166837 -6.055046 -0.133226 0.990483 -0.034564 0.475907 -0.169990 0.011521 0.985378 3.848888
0.979232 0.142234 0.144478 -6.055046 -0.139173 0.989779 -0.031131 0.475907 -0.147429 0.010377 0.989018 3.848888
0.980645 0.148898 0.127145 -6.055046 -0.146344 0.988801 -0.029250 0.475907 -0.130076 0.010077 0.991453 3.848888
0.983547 0.149748 0.101046 -6.055046 -0.147775 0.988658 -0.026775 0.475907 -0.103909 0.011402 0.994521 3.848888
0.986342 0.149830 0.068407 -6.055046 -0.148964 0.988686 -0.017628 0.475907 -0.070274 0.007197 0.997502 3.848888
0.988178 0.151500 0.023500 -6.055046 -0.151255 0.988424 -0.011866 0.475907 -0.025025 0.008171 0.999653 3.848888
0.988448 0.150917 -0.013924 -6.055046 -0.150973 0.988533 -0.003081 0.475907 0.013299 0.005147 0.999898 3.848888
0.987825 0.146697 -0.051780 -6.055046 -0.146738 0.989171 0.003027 0.475907 0.051663 0.004608 0.998654 3.848888
0.986895 0.138567 -0.082687 -6.055046 -0.139505 0.990205 -0.005649 0.475907 0.081095 0.017110 0.996560 3.848888
0.984977 0.138257 -0.103463 -6.055046 -0.137862 0.990390 0.010988 0.475907 0.103988 0.003440 0.994573 3.848888
0.982441 0.139258 -0.124162 -6.055046 -0.139687 0.990182 0.005290 0.475907 0.123679 0.012146 0.992248 3.848888
0.979505 0.142426 -0.142426 -6.055046 -0.141915 0.989783 0.013793 0.475907 0.142936 0.006702 0.989709 3.848888
0.976288 0.144910 -0.160816 -6.055046 -0.146443 0.989216 0.002345 0.475907 0.159422 0.021261 0.986982 3.848888
0.972547 0.147248 -0.180194 -6.055046 -0.147885 0.988954 0.009968 0.475907 0.179671 0.016954 0.983581 3.848888
0.969420 0.146419 -0.196943 -6.055046 -0.146958 0.989070 0.011955 0.475907 0.196541 0.017353 0.980342 3.848888
0.965910 0.140637 -0.217347 -6.055046 -0.143047 0.989705 0.004686 0.475907 0.215768 0.026564 0.976083 3.848888
0.963929 0.139783 -0.226500 -6.055046 -0.137864 0.990152 0.024348 0.475907 0.227673 0.007756 0.973707 3.848888
0.961728 0.134529 -0.238707 -6.055046 -0.132442 0.990880 0.024837 0.475907 0.239872 0.007728 0.970774 3.848888
0.958999 0.132566 -0.250495 -6.055046 -0.130268 0.991143 0.025812 0.475907 0.251698 0.007878 0.967774 3.848888
0.956833 0.129401 -0.260241 -6.055046 -0.126500 0.991573 0.027941 0.475907 0.261663 0.006186 0.965139 3.848888
0.954357 0.125856 -0.270856 -6.055046 -0.125074 0.991941 0.020220 0.475907 0.271218 0.014579 0.962408 3.848888
0.949794 0.125903 -0.286427 -6.055046 -0.124000 0.991971 0.024851 0.475907 0.287256 0.011914 0.957780 3.848888
0.941146 0.131575 -0.311341 -6.055046 -0.124746 0.991306 0.041844 0.475907 0.314139 -0.000543 0.949377 3.848888
0.928859 0.127234 -0.347897 -6.055046 -0.118105 0.991868 0.047417 0.475907 0.351101 -0.002955 0.936333 3.848888
0.899846 0.126386 -0.417498 -6.055046 -0.119307 0.991920 0.043130 0.475907 0.419575 0.011000 0.907654 3.848888
0.857468 0.132751 -0.497118 -6.055046 -0.126620 0.990875 0.046199 0.475907 0.498714 0.023331 0.866452 3.848888
0.812421 0.135740 -0.567051 -6.055046 -0.124144 0.990494 0.059240 0.475907 0.569702 0.022268 0.821550 3.848888
0.739803 0.150013 -0.655887 -6.055046 -0.129550 0.988346 0.079927 0.475907 0.660233 0.025840 0.750616 3.848888
0.644410 0.148054 -0.750211 -6.055046 -0.121870 0.988422 0.090382 0.475907 0.754907 0.033185 0.654992 3.848888
0.542197 0.143993 -0.827822 -6.055046 -0.110940 0.988850 0.099340 0.475907 0.832896 0.037977 0.552126 3.848888
0.479710 0.094796 -0.872291 -6.319416 0.162402 0.967377 0.194441 0.572669 0.862267 -0.234937 0.448665 3.947062
0.334490 0.094415 -0.937658 -6.319416 0.197370 0.965885 0.167665 0.572669 0.921499 -0.241148 0.304445 3.947062
0.156251 0.093662 -0.983267 -6.319416 0.231931 0.964181 0.128700 0.572669 0.960101 -0.248160 0.128931 3.947062
0.008375 0.090999 -0.995816 -6.319416 0.256709 0.962280 0.090093 0.572669 0.966452 -0.256390 -0.015301 3.947062
-0.121158 0.089844 -0.988559 -6.319416 0.263775 0.963004 0.055193 0.572669 0.956945 -0.254070 -0.140374 3.947062
-0.194171 0.088271 -0.976988 -6.319416 0.263558 0.964019 0.034718 0.572669 0.944899 -0.250752 -0.210449 3.947062
-0.231895 0.090831 -0.968491 -6.319416 0.264564 0.963988 0.027062 0.572669 0.936072 -0.249953 -0.247575 3.947062
-0.250073 0.091580 -0.963886 -6.319416 0.265850 0.963750 0.022594 0.572669 0.931014 -0.250599 -0.265355 3.947062
-0.252559 0.090596 -0.963331 -6.319416 0.266241 0.963681 0.020828 0.572669 0.930231 -0.251218 -0.267507 3.947062
-0.255722 0.095004 -0.962071 -6.319416 0.264851 0.963970 0.024794 0.572669 0.929763 -0.248465 -0.271670 3.947062
-0.258938 0.092081 -0.961495 -6.319416 0.265100 0.963994 0.020927 0.572669 0.928802 -0.249473 -0.274026 3.947062
-0.258693 0.086531 -0.962076 -6.319416 0.268329 0.963219 0.014483 0.572669 0.927943 -0.254406 -0.272397 3.947062
-0.260481 0.082631 -0.961937 -6.319416 0.262575 0.964840 0.011778 0.572669 0.929088 -0.249512 -0.273019 3.947062
-0.261097 0.089283 -0.961175 -6.319416 0.263547 0.964479 0.017999 0.572669 0.928640 -0.248615 -0.275352 3.947062
-0.261434 0.090607 -0.960959 -6.319416 0.263851 0.964373 0.019147 0.572669 0.928459 -0.248544 -0.276026 3.947062
-0.262926 0.092666 -0.960356 -6.319416 0.261224 0.965036 0.021600 0.572669 0.928780 -0.245189 -0.277940 3.947062
-0.265466 0.091783 -0.959741 -6.319416 0.262324 0.964779 0.019705 0.572669 0.927747 -0.246533 -0.280193 3.947062
-0.269387 0.091019 -0.958721 -6.319416 0.262059 0.964885 0.017970 0.572669 0.926691 -0.246400 -0.283779 3.947062
-0.274956 0.089154 -0.957314 -6.319416 0.259884 0.965519 0.015276 0.572669 0.925667 -0.244591 -0.288645 3.947062
-0.274499 0.084321 -0.957883 -6.319416 0.249087 0.968382 0.013865 0.572669 0.928766 -0.234790 -0.286823 3.947062
-0.269535 0.092022 -0.958584 -6.319416 0.249547 0.968095 0.022767 0.572669 0.930095 -0.233075 -0.283899 3.947062
-0.269095 0.093522 -0.958562 -6.319416 0.248446 0.968330 0.024729 0.572669 0.930517 -0.231497 -0.283808 3.947062
-0.269458 0.097448 -0.958069 -6.319416 0.247581 0.968437 0.028870 0.572669 0.930643 -0.229421 -0.285080 3.947062
-0.271949 0.096118 -0.957499 -6.319416 0.246012 0.968880 0.027387 0.572669 0.930334 -0.228109 -0.287132 3.947062
-0.273068 0.103459 -0.956415 -6.319416 0.248559 0.968029 0.033748 0.572669 0.929329 -0.228510 -0.290053 3.947062
-0.274074 0.099343 -0.956564 -6.319416 0.244190 0.969242 0.030695 0.572669 0.930191 -0.225170 -0.289903 3.947062
-0.271491 0.099935 -0.957239 -6.319416 0.241685 0.969804 0.032701 0.572669 0.931601 -0.222472 -0.287446 3.947062
-0.268465 0.097887 -0.958303 -6.319416 0.241904 0.969795 0.031293 0.572669 0.932421 -0.223417 -0.284035 3.947062
-0.266949 0.095224 -0.958995 -6.319416 0.246012 0.968870 0.027724 0.572669 0.931781 -0.228523 -0.282066 3.947062
-0.264049 0.094198 -0.959898 -6.319416 0.242510 0.969732 0.028453 0.572669 0.933524 -0.225272 -0.278900 3.947062
-0.262213 0.092621 -0.960555 -6.319416 0.241282 0.970060 0.027672 0.572669 0.934359 -0.224509 -0.276710 3.947062
-0.262617 0.092792 -0.960428 -6.319416 0.240190 0.970320 0.028070 0.572669 0.934527 -0.223314 -0.277111 3.947062
-0.260713 0.099917 -0.960232 -6.319416 0.241779 0.969691 0.035256 0.572669 0.934651 -0.222972 -0.276969 3.947062
-0.262002 0.101890 -0.959674 -6.319416 0.245388 0.968762 0.035862 0.572669 0.933349 -0.226096 -0.278820 3.947062
-0.270514 0.100776 -0.957427 -6.319416 0.253392 0.966893 0.030178 0.572669 0.928770 -0.234441 -0.287094 3.947062
-0.293222 0.102161 -0.950570 -6.319416 0.259230 0.965522 0.023803 0.572669 0.920229 -0.239437 -0.309596 3.947062
-0.349677 0.105581 -0.930902 -6.319416 0.267830 0.963427 0.008664 0.572669 0.897771 -0.246294 -0.365166 3.947062
-0.443836 0.105092 -0.889924 -6.319416 0.254241 0.967059 -0.012598 0.572669 0.859285 -0.231846 -0.455934 3.947062
-0.304107 0.126904 -0.944147 -6.480204 0.301717 0.952897 0.030898 0.564531 0.903596 -0.275469 -0.328072 3.869797
-0.455979 0.097613 -0.884622 -8.500767 0.207311 0.978275 0.001088 0.793936 0.865509 -0.182895 -0.466308 4.125858
-0.587381 0.094690 -0.803752 -9.761836 0.192241 0.981031 -0.024914 0.717066 0.786147 -0.169149 -0.594443 3.253893
-0.699439 0.104138 -0.707064 -10.431266 0.182366 0.982583 -0.035682 0.685959 0.691033 -0.153902 -0.706249 2.964696
-0.790731 0.111368 -0.601949 -11.335601 0.194265 0.978137 -0.074223 0.577087 0.580522 -0.175628 -0.795078 2.066337
-0.887578 0.110732 -0.447150 -11.335601 0.177405 0.977976 -0.109957 0.577087 0.425126 -0.176922 -0.887675 2.066337
-0.945920 0.118617 -0.301936 -11.335601 0.162457 0.978841 -0.124410 0.577087 0.280790 -0.166734 -0.945176 2.066337
-0.972589 0.117494 -0.200661 -11.335601 0.147242 0.979088 -0.140379 0.577087 0.179971 -0.166077 -0.969551 2.066337
-0.984618 0.114376 -0.132083 -11.335601 0.134496 0.978699 -0.155108 0.577087 0.111529 -0.170487 -0.979028 2.066337
-0.988186 0.118744 -0.096890 -11.335601 0.133343 0.977803 -0.161620 0.577087 0.075548 -0.172630 -0.982085 2.066337
-0.988641 0.121206 -0.088877 -11.335601 0.134438 0.977534 -0.162339 0.577087 0.067204 -0.172444 -0.982724 2.066337
-0.988684 0.118696 -0.091736 -11.335601 0.133190 0.975923 -0.172729 0.577087 0.069025 -0.182993 -0.980688 2.066337
-0.989382 0.110107 -0.094862 -11.335601 0.125164 0.977272 -0.171098 0.577087 0.073867 -0.181154 -0.980677 2.066337
-0.989907 0.107776 -0.092027 -11.335601 0.121585 0.979477 -0.160755 0.577087 0.072813 -0.170321 -0.982695 2.066337
-0.990315 0.106292 -0.089320 -11.335601 0.119818 0.979313 -0.163064 0.577087 0.070140 -0.172187 -0.982564 2.066337
-0.989632 0.114274 -0.087005 -11.335601 0.126729 0.979825 -0.154543 0.577087 0.067590 -0.163966 -0.984148 2.066337
-0.988091 0.125713 -0.088730 -11.335601 0.138823 0.977034 -0.161655 0.577087 0.066370 -0.172048 -0.982850 2.066337
-0.988167 0.124213 -0.089987 -11.335601 0.137226 0.978038 -0.156881 0.577087 0.068524 -0.167373 -0.983509 2.066337
-0.986977 0.133632 -0.089551 -11.335601 0.145850 0.978214 -0.147733 0.577087 0.067858 -0.158870 -0.984965 2.066337
-0.985754 0.143072 -0.088424 -11.335601 0.154396 0.978277 -0.138335 0.577087 0.066712 -0.150017 -0.986430 2.066337
-0.985247 0.143626 -0.093061 -11.335601 0.156590 0.975962 -0.151583 0.577087 0.069053 -0.163919 -0.984054 2.066337
-0.985033 0.143052 -0.096153 -11.335601 0.156195 0.976726 -0.147000 0.577087 0.072887 -0.159819 -0.984452 2.066337
-0.981662 0.141818 -0.127389 -11.335601 0.159457 0.977079 -0.141030 0.577087 0.104468 -0.158757 -0.981775 2.066337
-0.972191 0.151822 -0.178309 -11.335601 0.175574 0.976377 -0.125940 0.577087 0.154977 -0.153745 -0.975882 2.066337
-0.944874 0.169696 -0.280029 -11.335601 0.206449 0.972564 -0.107233 0.577087 0.254149 -0.159133 -0.953984 2.066337
-0.911778 0.163670 -0.376661 -11.335601 0.219172 0.969551 -0.109249 0.577087 0.347311 -0.182164 -0.919887 2.066337
-0.875287 0.158366 -0.456939 -11.335601 0.224256 0.970047 -0.093374 0.577087 0.428465 -0.184201 -0.884584 2.066337
-0.836696 0.165211 -0.522154 -11.335601 0.234734 0.969582 -0.069358 0.577087 0.494812 -0.180599 -0.850026 2.066337
-0.809452 0.162385 -0.564285 -11.335601 0.239688 0.968667 -0.065072 0.577087 0.536038 -0.187925 -0.823011 2.066337
-0.792313 0.186798 -0.580816 -11.335601 0.255549 0.966052 -0.037909 0.577087 0.554017 -0.178463 -0.813152 2.066337
-0.793092 0.171736 -0.584390 -11.335601 0.243675 0.968765 -0.046007 0.577087 0.558235 -0.178889 -0.810168 2.066337
-0.794673 0.166527 -0.583750 -11.335601 0.235038 0.971037 -0.042954 0.577087 0.559690 -0.171338 -0.810796 2.066337
-0.799693 0.159548 -0.578823 -11.335601 0.229524 0.972060 -0.049166 0.577087 0.554806 -0.172171 -0.813970 2.066337
-0.801330 0.154838 -0.577837 -11.335601 0.223065 0.973599 -0.048454 0.577087 0.555079 -0.167723 -0.814713 2.066337
-0.800866 0.156210 -0.578111 -11.335601 0.220849 0.974374 -0.042663 0.577087 0.556633 -0.161842 -0.814842 2.066337
-0.798919 0.152468 -0.581792 -11.335601 0.219883 0.974413 -0.046583 0.577087 0.559803 -0.165142 -0.812003 2.066337
-0.794423 0.157155 -0.586681 -11.335601 0.223773 0.973728 -0.042176 0.577087 0.564640 -0.164790 -0.808719 2.066337
-0.788641 0.157868 -0.594242 -11.335601 0.225697 0.973336 -0.040952 0.577087 0.571932 -0.166415 -0.803243 2.066337
-0.782560 0.166397 -0.599927 -11.335601 0.234293 0.971493 -0.036162 0.577087 0.576807 -0.168858 -0.799237 2.066337
-0.776560 0.177314 -0.604577 -11.335601 0.247520 0.968288 -0.033946 0.577087 0.579386 -0.176006 -0.795823 2.066337
-0.775988 0.177920 -0.605133 -11.335601 0.253709 0.966403 -0.041201 0.577087 0.577472 -0.185499 -0.795057 2.066337
-0.775883 0.183124 -0.603715 -11.335601 0.258649 0.965157 -0.039651 0.577087 0.575419 -0.186914 -0.796214 2.066337
-0.778273 0.182549 -0.600806 -11.335601 0.256959 0.965616 -0.039467 0.577087 0.572943 -0.185099 -0.798420 2.066337
-0.781532 0.184033 -0.596103 -11.335601 0.260151 0.964597 -0.043279 0.577087 0.567035 -0.188901 -0.801741 2.066337
-0.784146 0.184884 -0.592396 -11.335601 0.261934 0.963996 -0.045859 0.577087 0.562588 -0.191128 -0.804341 2.066337
-0.783884 0.186454 -0.592251 -11.335601 0.260116 0.964725 -0.040564 0.577087 0.563796 -0.185852 -0.804732 2.066337
-0.779468 0.181495 -0.599574 -11.335601 0.254003 0.966470 -0.037656 0.577087 0.572636 -0.181645 -0.799433 2.066337
-0.762125 0.185026 -0.620429 -11.335601 0.257349 0.965911 -0.028067 0.577087 0.594086 -0.181057 -0.783761 2.066337
-0.749655 0.184849 -0.635490 -11.335601 0.256262 0.966375 -0.021204 0.577087 0.610202 -0.178748 -0.771818 2.066337
-0.734905 0.185659 -0.652261 -11.335601 0.257900 0.966045 -0.015603 0.577087 0.627217 -0.179685 -0.757834 2.066337
-0.725651 0.188481 -0.661744 -11.335601 0.257770 0.966177 -0.007473 0.577087 0.637954 -0.176001 -0.749692 2.066337
-0.721500 0.194911 -0.664415 -11.335601 0.263354 0.964695 -0.002980 0.577087 0.640377 -0.177126 -0.747358 2.066337
-0.722912 0.195734 -0.662636 -11.335601 0.262846 0.964836 -0.001755 0.577087 0.638991 -0.175440 -0.748940 2.066337
-0.729129 0.192579 -0.656723 -11.335601 0.260323 0.965504 -0.005898 0.577087 0.632932 -0.175261 -0.754109 2.066337
-0.733838 0.192246 -0.651555 -11.335601 0.262179 0.964961 -0.010570 0.577087 0.626693 -0.178580 -0.758528 2.066337
-0.737417 0.189797 -0.648223 -11.335601 0.259269 0.965728 -0.012182 0.577087 0.623695 -0.177047 -0.761353 2.066337
-0.749624 0.189804 -0.634065 -11.335601 0.259361 0.965621 -0.017576 0.577087 0.608930 -0.177627 -0.773080 2.066337
-0.768272 0.184834 -0.612858 -11.335601 0.251446 0.967589 -0.023391 0.577087 0.588671 -0.172072 -0.789847 2.066337
-0.775204 0.183957 -0.604334 -11.335601 0.250601 0.967717 -0.026887 0.577087 0.579878 -0.172290 -0.796277 2.066337
-0.777822 0.183756 -0.601022 -11.335601 0.250401 0.967732 -0.028187 0.577087 0.576448 -0.172421 -0.798736 2.066337
-0.777544 0.183643 -0.601416 -11.335601 0.251251 0.967475 -0.029412 0.577087 0.576453 -0.173976 -0.798395 2.066337
-0.777378 0.183194 -0.601767 -11.335601 0.250617 0.967647 -0.029176 0.577087 0.576953 -0.173494 -0.798138 2.066337
-0.777325 0.183411 -0.601769 -11.335601 0.250698 0.967634 -0.028913 0.577087 0.576989 -0.173337 -0.798146 2.066337
-0.777074 0.183252 -0.602141 -11.335601 0.250817 0.967594 -0.029213 0.577087 0.577275 -0.173728 -0.797855 2.066337
-0.776982 0.183474 -0.602193 -11.335601 0.251294 0.967462 -0.029470 0.577087 0.577192 -0.174226 -0.797806 2.066337
-0.777007 0.183583 -0.602127 -11.335601 0.251493 0.967407 -0.029581 0.577087 0.577071 -0.174415 -0.797852 2.066337
-0.777181 0.183785 -0.601841 -11.335601 0.251687 0.967355 -0.029612 0.577087 0.576752 -0.174490 -0.798066 2.066337
-0.777454 0.183770 -0.601493 -11.335601 0.251533 0.967397 -0.029554 0.577087 0.576452 -0.174272 -0.798331 2.066337
-0.777785 0.183479 -0.601153 -11.335601 0.250946 0.967556 -0.029369 0.577087 0.576260 -0.173700 -0.798594 2.066337
-0.778150 0.183610 -0.600642 -11.335601 0.251064 0.967521 -0.029500 0.577087 0.575717 -0.173755 -0.798974 2.066337
-0.778217 0.183515 -0.600584 -11.335601 0.250746 0.967611 -0.029245 0.577087 0.575765 -0.173353 -0.799027 2.066337
-0.778473 0.183858 -0.600147 -11.335601 0.251074 0.967525 -0.029271 0.577087 0.575276 -0.173468 -0.799354 2.066337
-0.778603 0.184275 -0.599850 -11.335601 0.251395 0.967447 -0.029109 0.577087 0.574959 -0.173463 -0.799583 2.066337
-0.778592 0.184747 -0.599719 -11.335601 0.251709 0.967375 -0.028779 0.577087 0.574836 -0.173362 -0.799693 2.066337
-0.778753 0.184904 -0.599461 -11.335601 0.251866 0.967333 -0.028823 0.577087 0.574549 -0.173430 -0.799885 2.066337
-0.778819 0.185109 -0.599312 -11.335601 0.252017 0.967296 -0.028734 0.577087 0.574393 -0.173415 -0.800000 2.066337
-0.778794 0.185477 -0.599232 -11.335601 0.252375 0.967206 -0.028626 0.577087 0.574271 -0.173525 -0.800064 2.066337
-0.778872 0.185604 -0.599090 -11.335601 0.252340 0.967221 -0.028411 0.577087 0.574180 -0.173303 -0.800177 2.066337
-0.778676 0.185672 -0.599324 -11.335601 0.252354 0.967223 -0.028225 0.577087 0.574440 -0.173220 -0.800009 2.066337
-0.778454 0.185659 -0.599617 -11.335601 0.252248 0.967258 -0.027991 0.577087 0.574787 -0.173041 -0.799798 2.066337
-0.778426 0.186302 -0.599453 -11.335601 0.252885 0.967096 -0.027826 0.577087 0.574545 -0.173253 -0.799926 2.066337
-0.778897 0.186109 -0.598902 -11.335601 0.252608 0.967164 -0.027980 0.577087 0.574029 -0.173081 -0.800333 2.066337
-0.781348 0.185697 -0.595828 -11.335601 0.252235 0.967222 -0.029326 0.577087 0.570852 -0.173202 -0.802576 2.066337
-0.789162 0.185463 -0.585514 -11.335601 0.251525 0.967301 -0.032614 0.577087 0.560320 -0.173009 -0.810006 2.066337
-0.802710 0.184820 -0.567009 -11.335601 0.249636 0.967593 -0.038015 0.577087 0.541608 -0.172061 -0.822834 2.066337
-0.827613 0.183365 -0.530503 -11.335601 0.245989 0.968025 -0.049164 0.577087 0.504525 -0.171186 -0.846256 2.066337
-0.852506 0.179372 -0.490979 -11.335601 0.240493 0.968557 -0.063729 0.577087 0.464109 -0.172407 -0.868838 2.066337
-0.879051 0.178623 -0.442000 -11.335601 0.235336 0.968900 -0.076480 0.577087 0.414592 -0.171248 -0.893749 2.066337
-0.916085 0.179995 -0.358315 -11.335601 0.225783 0.970014 -0.089973 0.577087 0.331375 -0.163324 -0.929255 2.066337
-0.942887 0.183906 -0.277744 -11.335601 0.219773 0.970013 -0.103801 0.577087 0.250326 -0.158913 -0.955031 2.066337
-0.963698 0.201729 -0.174904 -11.338784 0.224214 0.967133 -0.119927 0.433177 0.144963 -0.154789 -0.977254 1.433990
-0.967080 0.229870 -0.109157 -11.468741 0.244373 0.958561 -0.146430 0.356848 0.070974 -0.168285 -0.983180 1.077603
-0.971145 0.236001 -0.034371 -12.104564 0.238465 0.958796 -0.154420 0.310726 -0.003489 -0.158160 -0.987407 0.471707
-0.975569 0.197327 0.096581 -11.722605 0.180111 0.970095 -0.162714 0.077630 -0.125801 -0.141343 -0.981935 -0.159998
-0.936913 0.200058 0.286654 -11.722605 0.151910 0.971576 -0.181558 0.077630 -0.314829 -0.126559 -0.940673 -0.159998
-0.891744 0.200958 0.405473 -11.722605 0.126967 0.971108 -0.202060 0.077630 -0.434364 -0.128705 -0.891495 -0.159998
-0.854964 0.202680 0.477450 -11.722605 0.108530 0.970022 -0.217436 0.077630 -0.507207 -0.134082 -0.851330 -0.159998
-0.831536 0.208453 0.514874 -11.722605 0.099918 0.967927 -0.230506 0.077630 -0.546410 -0.140229 -0.825695 -0.159998
-0.819433 0.195718 0.538725 -11.722605 0.078197 0.969280 -0.233197 0.077630 -0.567816 -0.148963 -0.809565 -0.159998
-0.815743 0.194672 0.544670 -11.722605 0.076665 0.969743 -0.231778 0.077630 -0.573311 -0.147314 -0.805986 -0.159998
-0.807835 0.195848 0.555919 -11.722605 0.074644 0.969581 -0.233109 0.077630 -0.584663 -0.146818 -0.797881 -0.159998
-0.798315 0.191003 0.571149 -11.722605 0.071694 0.971771 -0.224769 0.077630 -0.597958 -0.138489 -0.789473 -0.159998
-0.797835 0.188716 0.572578 -11.722605 0.067023 0.971622 -0.226845 0.077630 -0.599138 -0.142609 -0.787843 -0.159998
-0.801264 0.189736 0.567429 -11.722605 0.074473 0.972638 -0.220066 0.077630 -0.593658 -0.134073 -0.793470 -0.159998
-0.802202 0.193054 0.564979 -11.722605 0.077127 0.971860 -0.222576 0.077630 -0.592050 -0.134976 -0.794518 -0.159998
-0.803445 0.190635 0.564034 -11.722605 0.077135 0.972698 -0.218882 0.077630 -0.590361 -0.132353 -0.796214 -0.159998
-0.804407 0.191425 0.562393 -11.722605 0.075700 0.971975 -0.222561 0.077630 -0.589235 -0.136457 -0.796355 -0.159998
-0.807058 0.181674 0.561829 -11.722605 0.069996 0.974218 -0.214477 0.077630 -0.586309 -0.133769 -0.798967 -0.159998
-0.808164 0.179594 0.560907 -11.722605 0.066743 0.974165 -0.215749 0.077630 -0.585163 -0.136924 -0.799272 -0.159998
-0.807463 0.183422 0.560677 -11.722605 0.070811 0.973698 -0.216561 0.077630 -0.585652 -0.135163 -0.799214 -0.159998
-0.803349 0.187570 0.565197 -11.722605 0.075776 0.973583 -0.215394 0.077630 -0.590667 -0.130209 -0.796340 -0.159998
-0.798914 0.187441 0.571491 -11.722605 0.072728 0.973331 -0.217570 0.077630 -0.597032 -0.132256 -0.791240 -0.159998
-0.794663 0.187301 0.577434 -11.722605 0.071839 0.973542 -0.216920 0.077630 -0.602786 -0.130896 -0.787093 -0.159998
-0.791865 0.185599 0.581810 -11.722605 0.070596 0.974132 -0.214668 0.077630 -0.606603 -0.128915 -0.784483 -0.159998
-0.794227 0.184026 0.579084 -11.722605 0.068338 0.974041 -0.215812 0.077630 -0.603766 -0.131830 -0.786185 -0.159998
-0.797692 0.187821 0.573071 -11.722605 0.072552 0.973251 -0.217988 0.077630 -0.598685 -0.132310 -0.789981 -0.159998
-0.800607 0.186620 0.569387 -11.722605 0.074916 0.973981 -0.213889 0.077630 -0.594488 -0.128584 -0.793757 -0.159998
-0.803616 0.187512 0.564837 -11.722605 0.075243 0.973464 -0.216114 0.077630 -0.590373 -0.131173 -0.796400 -0.159998
-0.805033 0.190239 0.561900 -11.722605 0.076077 0.972472 -0.220249 0.077630 -0.588332 -0.134560 -0.797345 -0.159998
-0.804895 0.185142 0.563797 -11.722605 0.073938 0.973970 -0.214280 0.077630 -0.588793 -0.130787 -0.797633 -0.159998
-0.805263 0.176801 0.565944 -11.722605 0.064101 0.974872 -0.213342 0.077630 -0.589442 -0.135519 -0.796362 -0.159998
-0.805542 0.173524 0.566561 -11.722605 0.057340 0.974500 -0.216939 0.077630 -0.589758 -0.142267 -0.794950 -0.159998
-0.803475 0.169823 0.570603 -11.722605 0.058393 0.976311 -0.208346 0.077630 -0.592468 -0.134081 -0.794358 -0.159998
-0.800652 0.175222 0.572934 -11.722605 0.060008 0.974922 -0.214303 0.077630 -0.596116 -0.137202 -0.791088 -0.159998
-0.799148 0.175436 0.574964 -11.722605 0.058449 0.974611 -0.216140 0.077630 -0.598286 -0.139121 -0.789113 -0.159998
-0.798627 0.179055 0.574573 -11.722605 0.059052 0.973423 -0.221270 0.077630 -0.598922 -0.142783 -0.787976 -0.159998
-0.799028 0.177354 0.574544 -11.722605 0.062254 0.974777 -0.214323 0.077630 -0.598063 -0.135482 -0.789915 -0.159998
-0.801402 0.174620 0.572069 -11.722605 0.058990 0.974847 -0.214927 0.077630 -0.595211 -0.138497 -0.791545 -0.159998
-0.803026 0.173510 0.570126 -11.722605 0.059843 0.975319 -0.212536 0.077630 -0.592931 -0.136554 -0.793590 -0.159998
-0.804113 0.170279 0.569567 -11.722605 0.057365 0.975854 -0.210756 0.077630 -0.591702 -0.136798 -0.794465 -0.159998
-0.805967 0.169795 0.567087 -11.722605 0.057267 0.975851 -0.210795 0.077630 -0.589184 -0.137418 -0.796227 -0.159998
-0.805224 0.165399 0.569435 -11.722605 0.053090 0.976563 -0.208582 0.077630 -0.590589 -0.137724 -0.795133 -0.159998
-0.799609 0.164090 0.577667 -11.722605 0.047894 0.976305 -0.211030 0.077630 -0.598607 -0.141075 -0.788522 -0.159998
-0.782626 0.170788 0.598605 -11.722605 0.045859 0.974832 -0.218172 0.077630 -0.620801 -0.143296 -0.770761 -0.159998
-0.761276 0.171628 0.625302 -11.722605 0.038552 0.974609 -0.220568 0.077630 -0.647281 -0.143807 -0.748563 -0.159998
-0.729724 0.169511 0.662397 -11.722605 0.025058 0.974761 -0.221842 0.077630 -0.683283 -0.145285 -0.715554 -0.159998
-0.670158 0.167131 0.723157 -11.722605 0.002289 0.974778 -0.223163 0.077630 -0.742215 -0.147900 -0.653638 -0.159998
-0.601143 0.169977 0.780855 -11.722605 -0.021379 0.973347 -0.228338 0.077630 -0.798855 -0.153958 -0.581487 -0.159998
-0.520008 0.184546 0.833987 -11.722605 -0.027830 0.972202 -0.232483 0.077630 -0.853708 -0.144104 -0.500417 -0.159998
-0.368987 0.185581 0.910719 -11.722605 -0.076093 0.970542 -0.228601 0.077630 -0.926315 -0.153650 -0.343995 -0.159998
-0.225842 0.181246 0.957155 -11.722605 -0.119854 0.969905 -0.211940 0.077630 -0.966763 -0.162584 -0.197322 -0.159998
-0.097189 0.163842 0.981687 -10.924876 -0.159488 0.971046 -0.177856 0.015461 -0.982404 -0.173853 -0.068245 0.096579
0.095319 0.153806 0.983493 -10.924876 -0.207896 0.969280 -0.131434 0.015461 -0.973496 -0.191936 0.124366 0.096579
0.219758 0.159452 0.962435 -10.924876 -0.229197 0.967377 -0.107937 0.015461 -0.948248 -0.196868 0.249135 0.096579
0.319499 0.164367 0.933222 -10.924876 -0.248593 0.964886 -0.084835 0.015461 -0.914397 -0.204888 0.349141 0.096579
0.380555 0.168368 0.909302 -10.924876 -0.252339 0.964878 -0.073051 0.015461 -0.889665 -0.201652 0.409674 0.096579
0.420950 0.168667 0.891264 -10.924876 -0.251711 0.965693 -0.063868 0.015461 -0.871460 -0.197456 0.448964 0.096579
0.455088 0.171433 0.873788 -10.924876 -0.252896 0.965767 -0.057765 0.015461 -0.853779 -0.194690 0.482864 0.096579
0.470951 0.169800 0.865663 -10.924876 -0.252067 0.966290 -0.052405 0.015461 -0.845380 -0.193525 0.497876 0.096579
0.480567 0.163385 0.861603 -10.924876 -0.249504 0.967361 -0.044277 0.015461 -0.840716 -0.193696 0.505647 0.096579
0.494039 0.159627 0.854661 -10.924876 -0.247117 0.968241 -0.037994 0.015461 -0.833582 -0.192431 0.517795 0.096579
0.502615 0.159446 0.849680 -10.924876 -0.248119 0.968101 -0.034898 0.015461 -0.828140 -0.193281 0.526143 0.096579
0.504420 0.158710 0.848747 -10.924876 -0.248047 0.968164 -0.033623 0.015461 -0.827063 -0.193569 0.527729 0.096579
0.504014 0.156668 0.849367 -10.924876 -0.248485 0.968136 -0.031124 0.015461 -0.827179 -0.195368 0.526884 0.096579
0.500710 0.158108 0.851053 -10.924876 -0.248206 0.968117 -0.033826 0.015461 -0.829266 -0.194300 0.523989 0.096579
0.497515 0.155968 0.853319 -10.924876 -0.248555 0.968088 -0.032029 0.015461 -0.831083 -0.196162 0.520405 0.096579
0.495163 0.158535 0.854213 -10.924876 -0.248238 0.968039 -0.035764 0.015461 -0.832581 -0.194339 0.518692 0.096579
0.493208 0.165967 0.853933 -10.924876 -0.254287 0.966262 -0.040930 0.015461 -0.831916 -0.196957 0.518771 0.096579
0.492144 0.170083 0.853736 -10.924876 -0.257968 0.965170 -0.043575 0.015461 -0.831412 -0.198792 0.518879 0.096579
0.494774 0.170016 0.852228 -10.924876 -0.261012 0.964470 -0.040873 0.015461 -0.828898 -0.202218 0.521571 0.096579
0.499252 0.172770 0.849057 -10.924876 -0.262322 0.964069 -0.041927 0.015461 -0.825793 -0.201794 0.526635 0.096579
0.506547 0.171230 0.845039 -10.924876 -0.261366 0.964461 -0.038756 0.015461 -0.821644 -0.201233 0.533298 0.096579
0.511319 0.170216 0.842366 -10.924876 -0.262131 0.964370 -0.035755 0.015461 -0.818438 -0.202528 0.537719 0.096579
0.514392 0.168862 0.840765 -10.924876 -0.263572 0.964096 -0.032376 0.015461 -0.816046 -0.204948 0.540431 0.096579
0.510423 0.170955 0.842759 -10.924876 -0.267415 0.963003 -0.033384 0.015461 -0.817287 -0.208326 0.537255 0.096579
0.505125 0.174526 0.845216 -10.924876 -0.271747 0.961689 -0.036173 0.015461 -0.819148 -0.211413 0.533200 0.096579
0.503332 0.176697 0.845834 -10.924876 -0.275913 0.960491 -0.036461 0.015461 -0.818858 -0.215025 0.532199 0.096579
0.500642 0.176146 0.847543 -10.924876 -0.278991 0.959668 -0.034650 0.015461 -0.819464 -0.219110 0.529594 0.096579
0.499748 0.177783 0.847730 -10.924876 -0.277800 0.959905 -0.037541 0.015461 -0.820414 -0.216739 0.529098 0.096579
0.498883 0.182203 0.847300 -10.924876 -0.278376 0.959535 -0.042432 0.015461 -0.820745 -0.214699 0.529417 0.096579
0.498600 0.183027 0.847289 -10.924876 -0.279234 0.959264 -0.042896 0.015461 -0.820625 -0.215204 0.529397 0.096579
0.498616 0.183947 0.847081 -10.924876 -0.280868 0.958788 -0.042878 0.015461 -0.820058 -0.216539 0.529732 0.096579
0.510882 0.184474 0.839625 -10.924876 -0.281954 0.958632 -0.039063 0.015461 -0.812097 -0.216779 0.541761 0.096579
0.528338 0.186714 0.828249 -10.924876 -0.285496 0.957784 -0.033799 0.015461 -0.799594 -0.218605 0.559340 0.096579
0.542903 0.189023 0.818246 -10.924876 -0.288294 0.957078 -0.029813 0.015461 -0.788761 -0.219710 0.574094 0.096579
0.544717 0.191592 0.816441 -10.924876 -0.291412 0.956129 -0.029947 0.015461 -0.786360 -0.221608 0.576652 0.096579
0.539382 0.190130 0.820315 -10.924876 -0.290017 0.956519 -0.031003 0.015461 -0.790542 -0.221183 0.571071 0.096579
0.534205 0.190120 0.823699 -10.924876 -0.288673 0.956837 -0.033633 0.015461 -0.794540 -0.219813 0.566029 0.096579
0.522280 0.191401 0.831017 -10.924876 -0.286813 0.957143 -0.040194 0.015461 -0.803095 -0.217354 0.554793 0.096579
0.508687 0.191092 0.839477 -10.924876 -0.284084 0.957702 -0.045862 0.015461 -0.812733 -0.215153 0.541456 0.096579
0.496927 0.187787 0.847231 -10.924876 -0.281750 0.958328 -0.047156 0.015461 -0.820780 -0.215275 0.529128 0.096579
0.486467 0.186291 0.853608 -10.924876 -0.281839 0.958235 -0.048506 0.015461 -0.826993 -0.216983 0.518653 0.096579
0.478679 0.184821 0.858317 -10.924876 -0.278656 0.959030 -0.051103 0.015461 -0.832597 -0.214713 0.510569 0.096579
0.474506 0.188466 0.859840 -10.924876 -0.280014 0.958388 -0.055539 0.015461 -0.834527 -0.214414 0.507534 0.096579
0.458147 0.182356 0.869970 -10.924876 -0.264406 0.962385 -0.062484 0.015461 -0.848640 -0.201399 0.489130 0.096579
0.488901 0.197202 0.849757 -10.924876 -0.276978 0.958799 -0.063150 0.015461 -0.827199 -0.204490 0.523379 0.096579
0.541614 0.195674 0.817537 -10.924876 -0.279207 0.959194 -0.044605 0.015461 -0.792905 -0.204103 0.574146 0.096579
0.619425 0.191577 0.761322 -10.924876 -0.292578 0.956238 -0.002579 0.015461 -0.728499 -0.221148 0.648369 0.096579
0.651738 0.190509 0.734127 -10.924876 -0.300690 0.953523 0.019500 0.015461 -0.696292 -0.233454 0.678732 0.096579
0.643616 0.185133 0.742620 -10.924876 -0.298115 0.954311 0.020464 0.015461 -0.704901 -0.234557 0.669400 0.096579
0.622109 0.181032 0.761714 -10.924876 -0.296937 0.954770 0.015600 0.015461 -0.724437 -0.235886 0.647726 0.096579
