1.000000 0.000000 0.000000 0.000000 0.000000 1.000000 0.000000 0.000000 0.000000 0.000000 1.000000 0.000000
0.999995 -0.001163 0.002915 0.011630 0.001157 0.999997 0.001904 -0.007943 -0.002917 -0.001900 0.999994 0.541546
0.999984 -0.002916 0.004906 0.031104 0.002904 0.999993 0.002457 -0.026318 -0.004913 -0.002443 0.999985 1.587745
0.999980 -0.003997 0.004914 0.038974 0.003989 0.999991 0.001586 -0.053961 -0.004920 -0.001567 0.999987 2.871988
0.999981 -0.003932 0.004836 0.046552 0.003923 0.999991 0.001775 -0.080995 -0.004843 -0.001756 0.999987 4.177556
0.999981 -0.004115 0.004567 0.047881 0.004105 0.999989 0.002266 -0.100011 -0.004576 -0.002247 0.999987 5.516629
0.999977 -0.005195 0.004382 0.059432 0.005175 0.999976 0.004713 -0.130666 -0.004407 -0.004690 0.999979 7.430450
0.999966 0.001005 0.008139 0.053375 -0.001012 0.999999 0.000866 -0.169364 -0.008138 -0.000874 0.999967 9.599174
0.999913 0.002172 0.012993 0.085139 -0.002229 0.999988 0.004352 -0.209238 -0.012984 -0.004381 0.999906 12.249686
0.999829 -0.001857 0.018416 0.202698 0.001805 0.999994 0.002847 -0.269977 -0.018421 -0.002814 0.999826 15.095326
0.999707 -0.001446 0.024176 0.273482 0.001208 0.999951 0.009832 -0.300771 -0.024189 -0.009800 0.999659 18.540817
0.999548 -0.005511 0.029542 0.385381 0.005342 0.999969 0.005815 -0.361827 -0.029573 -0.005655 0.999547 22.277496
0.999449 -0.001061 0.033184 0.489480 0.000935 0.999992 0.003813 -0.416350 -0.033187 -0.003780 0.999442 26.255875
0.999379 0.004518 0.034959 0.604845 -0.004782 0.999961 0.007477 -0.474249 -0.034924 -0.007640 0.999361 30.321127
0.999367 0.007272 0.034821 0.730565 -0.007550 0.999941 0.007860 -0.525636 -0.034762 -0.008118 0.999363 34.469261
0.999438 0.006471 0.032876 0.860176 -0.006755 0.999941 0.008542 -0.589724 -0.032819 -0.008759 0.999423 38.672043
0.999550 0.006421 0.029295 0.971772 -0.006722 0.999926 0.010185 -0.639563 -0.029227 -0.010377 0.999519 42.915298
0.999634 0.002169 0.026975 1.089323 -0.002494 0.999925 0.012000 -0.692572 -0.026947 -0.012063 0.999564 47.173321
0.999676 0.001033 0.025448 1.226187 -0.001377 0.999908 0.013516 -0.741266 -0.025432 -0.013547 0.999585 51.264202
0.999631 -0.000870 0.027154 1.331223 0.000499 0.999906 0.013692 -0.792392 -0.027164 -0.013674 0.999537 55.422394
0.999563 0.005334 0.029077 1.409447 -0.005800 0.999856 0.015977 -0.827941 -0.028987 -0.016139 0.999449 59.579830
0.999426 0.014688 0.030514 1.489534 -0.015173 0.999761 0.015737 -0.860389 -0.030276 -0.016190 0.999410 63.707703
0.999380 0.016470 0.031132 1.598642 -0.016968 0.999731 0.015783 -0.894325 -0.030864 -0.016302 0.999391 67.815796
0.999399 0.017579 0.029887 1.717048 -0.018041 0.999720 0.015285 -0.938603 -0.029610 -0.015815 0.999436 71.923981
0.999481 0.018832 0.026118 1.840615 -0.019243 0.999694 0.015575 -0.971226 -0.025816 -0.016069 0.999538 75.944878
0.999654 0.015549 0.021227 1.931110 -0.015936 0.999708 0.018179 -1.006390 -0.020938 -0.018511 0.999609 79.935143
0.999734 0.012817 0.019170 2.027298 -0.013160 0.999754 0.017863 -1.021952 -0.018936 -0.018110 0.999657 83.823448
0.999709 0.014404 0.019328 2.066505 -0.014725 0.999754 0.016579 -1.036821 -0.019084 -0.016859 0.999676 87.687897
0.999687 0.015224 0.019853 2.114803 -0.015584 0.999715 0.018097 -1.064707 -0.019572 -0.018401 0.999639 91.629128
0.999714 0.013823 0.019523 2.182666 -0.014127 0.999779 0.015544 -1.092949 -0.019304 -0.015815 0.999689 95.548462
0.999735 0.009783 0.020832 2.260351 -0.010166 0.999780 0.018345 -1.117008 -0.020648 -0.018552 0.999615 99.356567
0.999691 0.010891 0.022351 2.323541 -0.011200 0.999843 0.013727 -1.143960 -0.022198 -0.013973 0.999656 103.187149
0.999590 0.013263 0.025362 2.380264 -0.013705 0.999756 0.017341 -1.167084 -0.025126 -0.017681 0.999528 107.101067
0.999508 0.015140 0.027460 2.468894 -0.015600 0.999740 0.016635 -1.183271 -0.027201 -0.017056 0.999484 111.033699
0.999420 0.017182 0.029398 2.551907 -0.017622 0.999735 0.014788 -1.205075 -0.029136 -0.015297 0.999458 114.998787
0.999370 0.017119 0.031080 2.627978 -0.017637 0.999709 0.016463 -1.226779 -0.030789 -0.017000 0.999381 118.821526
0.999458 0.010542 0.031177 2.776242 -0.011109 0.999775 0.018044 -1.234201 -0.030980 -0.018380 0.999351 122.659973
0.999570 0.008136 0.028157 2.888481 -0.008689 0.999771 0.019575 -1.247136 -0.027991 -0.019811 0.999412 126.585060
0.999652 0.009805 0.024483 2.986453 -0.010271 0.999767 0.019003 -1.256581 -0.024291 -0.019247 0.999520 130.555389
0.999765 0.002864 0.021478 3.113122 -0.003255 0.999829 0.018188 -1.289138 -0.021423 -0.018253 0.999604 134.551468
0.999809 -0.006301 0.018502 3.224097 0.006043 0.999884 0.013986 -1.316542 -0.018588 -0.013872 0.999731 138.531723
0.999803 -0.003067 0.019601 3.257939 0.002853 0.999936 0.010910 -1.340761 -0.019633 -0.010852 0.999748 142.411682
0.999716 -0.014011 0.019278 3.395366 0.013663 0.999744 0.018059 -1.372704 -0.019526 -0.017790 0.999651 146.348663
0.999730 -0.009697 0.021118 3.456385 0.009348 0.999819 0.016573 -1.380844 -0.021275 -0.016371 0.999640 150.310425
0.999761 -0.002935 0.021667 3.501950 0.002580 0.999862 0.016400 -1.404668 -0.021712 -0.016340 0.999631 154.137299
0.999793 0.005354 0.019654 3.559607 -0.005561 0.999930 0.010474 -1.423132 -0.019596 -0.010581 0.999752 157.999268
0.999734 0.012136 0.019589 3.587860 -0.012438 0.999805 0.015362 -1.447510 -0.019399 -0.015602 0.999690 162.016449
0.999816 0.012305 0.014724 3.649390 -0.012513 0.999821 0.014161 -1.488189 -0.014547 -0.014342 0.999791 166.099213
0.999704 0.021608 0.011205 3.657703 -0.021725 0.999710 0.010410 -1.525385 -0.010977 -0.010650 0.999883 170.334793
0.999635 0.024631 0.011143 3.683424 -0.024825 0.999537 0.017606 -1.554484 -0.010704 -0.017876 0.999783 174.513535
0.999684 0.022399 0.011385 3.733670 -0.022621 0.999549 0.019768 -1.583043 -0.010937 -0.020020 0.999740 178.672958
0.999821 0.014490 0.012148 3.805877 -0.014767 0.999626 0.023004 -1.588315 -0.011810 -0.023179 0.999662 182.866013
0.999528 0.027853 0.012989 3.796335 -0.028049 0.999491 0.015189 -1.601019 -0.012559 -0.015546 0.999800 187.042419
0.999219 0.036760 0.014475 3.802603 -0.037058 0.999095 0.020853 -1.590801 -0.013695 -0.021373 0.999678 191.311249
0.999340 0.034625 0.011017 3.859409 -0.034847 0.999180 0.020591 -1.603547 -0.010295 -0.020962 0.999727 195.611725
0.999278 0.036762 0.009621 3.887326 -0.036966 0.999076 0.021946 -1.604679 -0.008805 -0.022286 0.999713 199.937897
0.999229 0.038507 0.007686 3.901965 -0.038662 0.999028 0.021165 -1.607894 -0.006863 -0.021446 0.999746 204.275986
0.999151 0.040799 0.005658 3.902203 -0.040910 0.998937 0.021218 -1.609560 -0.004787 -0.021432 0.999759 208.672012
0.999095 0.042363 0.003787 3.906041 -0.042436 0.998862 0.021776 -1.608374 -0.002861 -0.021917 0.999756 213.068237
0.999108 0.042054 0.003762 3.915726 -0.042125 0.998885 0.021292 -1.594637 -0.002862 -0.021431 0.999766 217.332672
0.999065 0.043078 0.003589 3.909713 -0.043147 0.998819 0.022346 -1.593332 -0.002622 -0.022480 0.999744 221.633820
0.998928 0.046112 0.004176 3.894980 -0.046202 0.998623 0.024852 -1.586423 -0.003024 -0.025018 0.999682 225.993225
0.998879 0.047025 0.005478 3.900576 -0.047141 0.998617 0.023299 -1.561212 -0.004374 -0.023531 0.999714 230.351837
0.998855 0.047589 0.004993 3.913743 -0.047701 0.998539 0.025397 -1.546106 -0.003777 -0.025606 0.999665 234.845627
0.998752 0.049747 0.004481 3.908140 -0.049849 0.998399 0.026713 -1.513949 -0.003145 -0.026903 0.999633 239.367325
0.998811 0.048509 0.004881 3.915217 -0.048629 0.998408 0.028568 -1.485125 -0.003487 -0.028772 0.999580 243.908157
0.998884 0.046987 0.004759 3.936895 -0.047096 0.998549 0.026126 -1.453106 -0.003525 -0.026321 0.999647 248.361359
0.999140 0.041114 0.005288 3.956404 -0.041249 0.998738 0.028658 -1.416533 -0.004103 -0.028852 0.999575 252.840256
0.999062 0.042696 0.007153 3.973923 -0.042881 0.998686 0.028046 -1.373651 -0.005946 -0.028327 0.999581 257.254700
0.998880 0.045971 0.011208 3.999449 -0.046259 0.998567 0.026914 -1.348818 -0.009955 -0.027402 0.999575 261.649994
0.998906 0.044840 0.013252 4.050894 -0.045167 0.998654 0.025504 -1.317423 -0.012091 -0.026074 0.999587 265.933990
0.999076 0.040528 0.014328 4.116714 -0.040855 0.998894 0.023281 -1.292278 -0.013368 -0.023845 0.999626 270.131561
0.999164 0.038719 0.013110 4.189280 -0.039014 0.998974 0.022983 -1.280642 -0.012207 -0.023475 0.999650 274.406647
0.999182 0.038733 0.011604 4.252407 -0.039001 0.998954 0.023858 -1.260188 -0.010668 -0.024291 0.999648 278.775360
0.999020 0.042716 0.011563 4.338492 -0.043004 0.998738 0.025943 -1.221980 -0.010440 -0.026414 0.999597 283.109192
0.999102 0.040448 0.012636 4.441828 -0.040740 0.998887 0.023759 -1.208760 -0.011661 -0.024252 0.999638 287.494141
0.999092 0.041015 0.011548 4.528703 -0.041268 0.998894 0.022517 -1.192885 -0.010612 -0.022973 0.999680 291.976349
0.999156 0.037693 0.016311 4.604913 -0.038147 0.998865 0.028538 -1.156564 -0.015217 -0.029137 0.999460 296.434418
0.999140 0.037373 0.017962 4.685661 -0.037875 0.998875 0.028523 -1.125490 -0.016876 -0.029179 0.999432 301.061737
0.999057 0.038914 0.019255 4.753551 -0.039459 0.998806 0.028797 -1.096080 -0.018111 -0.029530 0.999400 305.832611
0.999087 0.037639 0.020230 4.840865 -0.038215 0.998853 0.028851 -1.070793 -0.019121 -0.029598 0.999379 310.656128
0.998913 0.042825 0.018392 4.896262 -0.043273 0.998757 0.024745 -1.046372 -0.017310 -0.025514 0.999525 315.483795
0.998906 0.044305 0.014937 4.955528 -0.044736 0.998552 0.029893 -1.017553 -0.013591 -0.030528 0.999442 320.340515
0.999076 0.041491 0.011232 5.033221 -0.041821 0.998645 0.030955 -0.989439 -0.009933 -0.031397 0.999458 325.119019
0.999120 0.040610 0.010537 5.075719 -0.040910 0.998712 0.030014 -0.951838 -0.009304 -0.030419 0.999494 329.877655
0.999184 0.039170 0.009861 5.118122 -0.039448 0.998778 0.029784 -0.923613 -0.008683 -0.030149 0.999508 334.641724
0.999240 0.037854 0.009292 5.154055 -0.038109 0.998854 0.028966 -0.886386 -0.008185 -0.029299 0.999537 339.403961
0.999348 0.035666 0.005588 5.205993 -0.035824 0.998870 0.031221 -0.842748 -0.004468 -0.031400 0.999497 343.609955
0.999242 0.038201 0.007436 5.233372 -0.038414 0.998779 0.031051 -0.796524 -0.006241 -0.031314 0.999490 348.070251
0.999183 0.039502 0.008561 5.268103 -0.039756 0.998702 0.031827 -0.731681 -0.007292 -0.032142 0.999457 352.764374
0.999021 0.042691 0.011583 5.309701 -0.043032 0.998592 0.031032 -0.641943 -0.010242 -0.031500 0.999451 357.548859
0.998860 0.046091 0.012461 5.355907 -0.046446 0.998473 0.029897 -0.587071 -0.011064 -0.030441 0.999475 362.389740
