1.000000 0.000000 0.000000 0.000000 0.000000 1.000000 0.000000 0.000000 0.000000 0.000000 1.000000 0.000000
1.000000 0.000000 0.000000 0.000000 0.000000 1.000000 0.000000 0.000000 0.000000 0.000000 1.000000 0.000000
0.999995 -0.001161 0.002937 -0.000000 0.001155 0.999997 0.001901 -0.000000 -0.002940 -0.001898 0.999994 0.000000
0.999984 -0.002913 0.004928 -0.000000 0.002901 0.999993 0.002454 -0.000000 -0.004935 -0.002439 0.999985 0.000000
0.999980 -0.003995 0.004937 -0.000000 0.003987 0.999991 0.001583 -0.000000 -0.004943 -0.001564 0.999987 0.000000
0.999980 -0.003930 0.004860 -0.000000 0.003921 0.999991 0.001773 -0.000000 -0.004867 -0.001754 0.999987 0.000000
0.999981 -0.004114 0.004590 -0.000000 0.004104 0.999989 0.002266 -0.000000 -0.004599 -0.002247 0.999987 0.000000
0.999977 -0.005187 0.004404 -0.000000 0.005166 0.999976 0.004709 -0.000000 -0.004428 -0.004686 0.999979 0.000000
0.999966 0.001011 0.008162 -0.000000 -0.001018 0.999999 0.000869 -0.000000 -0.008161 -0.000877 0.999966 0.000000
0.999913 0.002187 0.013017 -0.000000 -0.002243 0.999988 0.004351 -0.000000 -0.013008 -0.004379 0.999906 0.000000
0.999827 -0.001896 0.018486 -0.000000 0.001844 0.999994 0.002833 -0.000000 -0.018491 -0.002798 0.999825 0.000000
0.999705 -0.001482 0.024241 -0.000000 0.001245 0.999951 0.009790 -0.000000 -0.024254 -0.009757 0.999658 0.000000
0.999546 -0.005537 0.029604 -0.000000 0.005369 0.999969 0.005775 -0.000000 -0.029635 -0.005613 0.999545 0.000000
0.999446 -0.001100 0.033265 -0.000000 0.000975 0.999992 0.003774 -0.000000 -0.033269 -0.003740 0.999439 0.000000
0.999376 0.004478 0.035043 -0.000000 -0.004742 0.999961 0.007439 -0.000000 -0.035008 -0.007600 0.999358 0.000000
0.999364 0.007226 0.034905 -0.000000 -0.007504 0.999941 0.007827 -0.000000 -0.034847 -0.008084 0.999360 0.000000
0.999436 0.006425 0.032959 -0.000000 -0.006709 0.999941 0.008510 -0.000000 -0.032903 -0.008726 0.999420 0.000000
0.999548 0.006367 0.029380 -0.000000 -0.006668 0.999926 0.010156 -0.000000 -0.029313 -0.010348 0.999517 0.000000
0.999632 0.002117 0.027062 -0.000000 -0.002442 0.999925 0.011973 -0.000000 -0.027034 -0.012035 0.999562 0.000000
0.999673 0.000991 0.025536 -0.000000 -0.001336 0.999908 0.013486 -0.000000 -0.025521 -0.013516 0.999583 0.000000
0.999628 -0.000908 0.027245 -0.000000 0.000535 0.999906 0.013664 -0.000000 -0.027255 -0.013644 0.999535 0.000000
0.999560 0.005298 0.029178 -0.000000 -0.005765 0.999856 0.015952 -0.000000 -0.029090 -0.016113 0.999447 0.000000
0.999423 0.014644 0.030636 -0.000000 -0.015130 0.999762 0.015714 -0.000000 -0.030399 -0.016168 0.999407 0.000000
0.999377 0.016426 0.031250 -0.000000 -0.016925 0.999733 0.015761 -0.000000 -0.030983 -0.016280 0.999387 0.000000
0.999396 0.017539 0.030004 -0.000000 -0.018003 0.999721 0.015265 -0.000000 -0.029728 -0.015796 0.999433 0.000000
0.999480 0.018746 0.026234 -0.000000 -0.019158 0.999695 0.015566 -0.000000 -0.025935 -0.016061 0.999535 0.000000
0.999653 0.015463 0.021349 -0.000000 -0.015852 0.999709 0.018171 -0.000000 -0.021062 -0.018503 0.999607 0.000000
0.999733 0.012737 0.019299 -0.000000 -0.013082 0.999755 0.017856 -0.000000 -0.019067 -0.018104 0.999654 0.000000
0.999708 0.014325 0.019455 -0.000000 -0.014648 0.999755 0.016575 -0.000000 -0.019213 -0.016855 0.999673 0.000000
0.999686 0.015145 0.019979 -0.000000 -0.015507 0.999716 0.018092 -0.000000 -0.019699 -0.018396 0.999637 0.000000
0.999712 0.013743 0.019655 -0.000000 -0.014049 0.999781 0.015540 -0.000000 -0.019437 -0.015812 0.999686 0.000000
0.999733 0.009710 0.020971 -0.000000 -0.010095 0.999781 0.018339 -0.000000 -0.020789 -0.018545 0.999612 0.000000
0.999689 0.010815 0.022493 -0.000000 -0.011126 0.999844 0.013722 -0.000000 -0.022341 -0.013968 0.999653 0.000000
0.999588 0.013189 0.025506 -0.000000 -0.013633 0.999757 0.017336 -0.000000 -0.025271 -0.017677 0.999524 0.000000
0.999505 0.015078 0.027600 -0.000000 -0.015541 0.999741 0.016633 -0.000000 -0.027342 -0.017053 0.999481 0.000000
0.999417 0.017120 0.029541 -0.000000 -0.017563 0.999736 0.014791 -0.000000 -0.029280 -0.015301 0.999454 0.000000
0.999367 0.017057 0.031232 -0.000000 -0.017578 0.999710 0.016472 -0.000000 -0.030942 -0.017011 0.999376 0.000000
0.999454 0.010481 0.031329 -0.000000 -0.011051 0.999776 0.018055 -0.000000 -0.031133 -0.018391 0.999346 0.000000
0.999566 0.008071 0.028313 -0.000000 -0.008628 0.999771 0.019590 -0.000000 -0.028149 -0.019825 0.999407 0.000000
0.999649 0.009726 0.024647 -0.000000 -0.010196 0.999767 0.019024 -0.000000 -0.024456 -0.019269 0.999515 0.000000
0.999762 0.002783 0.021638 -0.000000 -0.003177 0.999829 0.018212 -0.000000 -0.021584 -0.018276 0.999600 0.000000
0.999805 -0.006375 0.018666 -0.000000 0.006113 0.999883 0.014022 -0.000000 -0.018753 -0.013905 0.999727 0.000000
0.999800 -0.003168 0.019759 -0.000000 0.002951 0.999935 0.010975 -0.000000 -0.019793 -0.010915 0.999745 0.000000
0.999711 -0.014109 0.019442 -0.000000 0.013756 0.999741 0.018125 -0.000000 -0.019692 -0.017852 0.999647 0.000000
0.999725 -0.009796 0.021285 -0.000000 0.009443 0.999817 0.016640 -0.000000 -0.021444 -0.016435 0.999635 0.000000
0.999757 -0.003028 0.021835 -0.000000 0.002668 0.999861 0.016465 -0.000000 -0.021882 -0.016403 0.999626 0.000000
0.999790 0.005257 0.019826 -0.000000 -0.005467 0.999929 0.010543 -0.000000 -0.019769 -0.010649 0.999748 0.000000
0.999733 0.011999 0.019754 -0.000000 -0.012305 0.999805 0.015425 -0.000000 -0.019565 -0.015664 0.999686 0.000000
0.999815 0.012173 0.014893 -0.000000 -0.012385 0.999822 0.014223 -0.000000 -0.014717 -0.014405 0.999788 0.000000
0.999705 0.021474 0.011374 -0.000000 -0.021593 0.999712 0.010477 -0.000000 -0.011146 -0.010720 0.999880 0.000000
0.999641 0.024297 0.011331 -0.000000 -0.024494 0.999546 0.017567 -0.000000 -0.010899 -0.017838 0.999781 0.000000
0.999690 0.022060 0.011574 -0.000000 -0.022285 0.999557 0.019732 -0.000000 -0.011134 -0.019983 0.999738 0.000000
0.999824 0.014152 0.012335 -0.000000 -0.014433 0.999632 0.022967 -0.000000 -0.012006 -0.023141 0.999660 0.000000
0.999537 0.027398 0.013198 -0.000000 -0.027600 0.999501 0.015392 -0.000000 -0.012769 -0.015750 0.999794 0.000000
0.999233 0.036304 0.014685 -0.000000 -0.036609 0.999108 0.021047 -0.000000 -0.013908 -0.021569 0.999671 0.000000
0.999353 0.034172 0.011230 -0.000000 -0.034400 0.999192 0.020784 -0.000000 -0.010511 -0.021157 0.999721 0.000000
0.999292 0.036302 0.009835 -0.000000 -0.036512 0.999088 0.022127 -0.000000 -0.009023 -0.022470 0.999707 0.000000
0.999245 0.038045 0.007902 -0.000000 -0.038206 0.999042 0.021347 -0.000000 -0.007082 -0.021633 0.999741 0.000000
0.999169 0.040338 0.005871 -0.000000 -0.040455 0.998952 0.021399 -0.000000 -0.005001 -0.021619 0.999754 0.000000
0.999114 0.041900 0.004007 -0.000000 -0.041978 0.998877 0.021954 -0.000000 -0.003083 -0.022103 0.999751 0.000000
0.999126 0.041603 0.003986 -0.000000 -0.041679 0.998900 0.021480 -0.000000 -0.003088 -0.021628 0.999761 0.000000
0.999084 0.042630 0.003814 -0.000000 -0.042705 0.998833 0.022541 -0.000000 -0.002848 -0.022683 0.999739 0.000000
0.998947 0.045659 0.004398 -0.000000 -0.045755 0.998638 0.025061 -0.000000 -0.003248 -0.025236 0.999676 0.000000
0.998899 0.046574 0.005696 -0.000000 -0.046696 0.998632 0.023520 -0.000000 -0.004593 -0.023760 0.999707 0.000000
0.998873 0.047170 0.005209 -0.000000 -0.047288 0.998553 0.025624 -0.000000 -0.003993 -0.025841 0.999658 0.000000
0.998772 0.049325 0.004704 -0.000000 -0.049434 0.998414 0.026943 -0.000000 -0.003368 -0.027143 0.999626 0.000000
0.998830 0.048095 0.005106 -0.000000 -0.048223 0.998421 0.028801 -0.000000 -0.003712 -0.029014 0.999572 0.000000
0.998903 0.046566 0.004987 -0.000000 -0.046682 0.998562 0.026364 -0.000000 -0.003752 -0.026567 0.999640 0.000000
0.999157 0.040691 0.005514 -0.000000 -0.040834 0.998748 0.028897 -0.000000 -0.004332 -0.029098 0.999567 0.000000
0.999079 0.042279 0.007384 -0.000000 -0.042472 0.998697 0.028287 -0.000000 -0.006178 -0.028574 0.999573 0.000000
0.998896 0.045566 0.011439 -0.000000 -0.045862 0.998579 0.027158 -0.000000 -0.010185 -0.027653 0.999566 0.000000
0.998921 0.044435 0.013482 0.000000 -0.044772 0.998665 0.025748 -0.000000 -0.012320 -0.026324 0.999578 0.000000
0.999088 0.040135 0.014550 0.000000 -0.040471 0.998904 0.023528 -0.000000 -0.013590 -0.024095 0.999617 0.000000
0.999176 0.038328 0.013326 0.000000 -0.038630 0.998983 0.023233 -0.000000 -0.012422 -0.023729 0.999641 0.000000
0.999196 0.038302 0.011851 0.000000 -0.038579 0.998964 0.024127 -0.000000 -0.010915 -0.024565 0.999639 0.000000
0.999036 0.042271 0.011808 0.000000 -0.042568 0.998750 0.026197 -0.000000 -0.010686 -0.026675 0.999587 0.000000
0.999117 0.040003 0.012877 0.000000 -0.040304 0.998899 0.024022 -0.000000 -0.011902 -0.024519 0.999628 0.000000
0.999107 0.040568 0.011803 0.000000 -0.040829 0.998906 0.022784 -0.000000 -0.010866 -0.023246 0.999671 0.000000
0.999169 0.037254 0.016555 0.000000 -0.037720 0.998874 0.028790 -0.000000 -0.015464 -0.029391 0.999448 0.000000
0.999152 0.036935 0.018207 0.000000 -0.037449 0.998884 0.028775 -0.000000 -0.017124 -0.029433 0.999420 0.000000
0.999069 0.038474 0.019500 0.000000 -0.039031 0.998816 0.029051 -0.000000 -0.018359 -0.029785 0.999388 0.000000
0.999098 0.037201 0.020472 0.000000 -0.037788 0.998862 0.029107 -0.000000 -0.019366 -0.029855 0.999367 0.000000
0.998928 0.042378 0.018626 0.000000 -0.042838 0.998768 0.025046 -0.000000 -0.017542 -0.025817 0.999513 0.000000
0.998923 0.043852 0.015170 0.000000 -0.044294 0.998562 0.030187 -0.000000 -0.013824 -0.030827 0.999429 0.000000
0.999092 0.041038 0.011465 0.000000 -0.041378 0.998655 0.031249 -0.000000 -0.010167 -0.031695 0.999446 0.000000
0.999135 0.040157 0.010766 0.000000 -0.040467 0.998721 0.030307 -0.000000 -0.009535 -0.030716 0.999483 0.000000
0.999199 0.038719 0.010094 0.000000 -0.039007 0.998786 0.030078 -0.000000 -0.008918 -0.030447 0.999497 0.000000
0.999255 0.037406 0.009521 0.000000 -0.037670 0.998862 0.029265 -0.000000 -0.008416 -0.029601 0.999526 0.000000
0.999363 0.035219 0.005819 0.000000 -0.035385 0.998877 0.031519 -0.000000 -0.004703 -0.031705 0.999486 0.000000
0.999258 0.037755 0.007669 0.000000 -0.037977 0.998787 0.031352 -0.000000 -0.006476 -0.031620 0.999479 0.000000
0.999200 0.039003 0.008792 0.000000 -0.039267 0.998712 0.032140 -0.000000 -0.007527 -0.032459 0.999445 0.000000
0.999038 0.042226 0.011820 0.000000 -0.042578 0.998601 0.031338 -0.000000 -0.010480 -0.031811 0.999439 0.000000
